 62 12
 72 216
 89 28
 94 19
 102 0
 104 138
 106 26
 107 141
 108 137
 112 115
 117 0
 129 140
 131 139
 136 29
 142 11
 144 112
 145 135
 147 132
 148 25
 149 113
 150 18
 151 21
 155 120
 156 15
 159 224
 165 131
 168 217
 170 228
 171 125
 173 0
 174 213
 175 128
 177 123
 178 0
 179 221
 180 134
 181 114
 182 13
 183 218
 184 118
 185 23
 186 27
 187 0
 188 215
 189 117
 190 0
 191 226
 192 119
 193 0
 194 227
 195 210
 196 124
 197 16
 208 116
 253 212
 254 11
 255 213
 256 119
 257 220
 258 128
 259 125
 260 21
 261 111
 262 115
 263 222
 264 120
 265 126
 266 121
 267 217
 268 23
 269 136
 270 29
 271 221
 272 12
 273 19
 274 113
 275 25
 276 124
 277 125
 278 28
 279 122
 280 225
 281 220
 282 217
 283 121
 284 11
 285 29
 286 222
 287 111
 288 19
 289 27
 290 127
 291 13
 292 113
 293 124
 294 125
 295 140
 296 18
 297 15
 298 117
 299 120
 300 214
 301 221
 302 114
 303 21
 304 228
 305 213
 306 215
 307 216
 308 131
 309 11
 310 119
 311 28
 312 121
 313 220
 314 112
 315 17
 316 226
 317 29
 318 224
 319 222
 320 115
 321 27
 322 118
 323 19
 324 111
 325 212
 326 125
 327 128
 328 136
 329 26
 330 22
 331 224
 332 124
 333 227
 334 113
 335 215
 336 137
 337 132
 338 136
 339 121
 340 139
 341 211
 342 219
 343 11
 344 21
 345 216
 346 17
 347 228
 348 19
 349 120
 350 221
 351 29
 352 225
 353 28
 354 27
 355 124
 356 210
 357 14
 358 113
 359 222
 360 118
 361 111
 362 125
 363 132
 364 13
 365 220
 366 140
 367 15
 368 127
 369 117
 370 134
 371 112
 372 141
 373 135
 374 223
 375 25
 376 121
 377 133
 378 116
 379 22
 380 215
 381 217
 382 24
 383 119
 384 212
 385 115
 386 23
 387 16
 388 19
 389 218
 390 18
 391 21
 392 123
 393 28
 394 110
 395 211
 396 124
 397 221
 398 118
 399 125
 400 227
 401 126
 402 220
 403 122
 404 29
 405 222
 406 214
 407 213
 408 12
 409 111
 410 212
 411 131
 412 17
 413 216
 414 215
 415 121
 416 13
 417 115
 418 127
 419 15
 420 140
 421 113
 422 210
 423 217
 424 124
 425 119
 426 27
 427 128
 428 117
 429 211
 430 118
 431 120
 432 220
 433 213
 434 123
 435 122
 436 19
 437 216
 438 121
 439 215
 440 125
 441 0
 442 212
 443 0
 444 223
 445 136
 446 220
 447 138
 448 24
 449 139
 450 26
 451 22
 452 126
 453 111
 454 140
 455 225
 456 141
 457 0
 458 121
 459 110
 460 214
 461 133
 462 122
 463 127
 464 14
 465 219
 466 137
 467 225
 468 112
 469 17
 470 113
 471 211
 472 222
 473 125
 474 127
 475 123
 476 119
 477 121
 478 120
 479 118
 480 139
 481 221
 482 29
 483 25
 484 110
 485 138
 486 19
 487 116
 488 18
 489 210
 490 114
 491 122
 492 128
 493 17
 494 16
 495 28
 496 13
 497 117
 498 15
 499 27
 500 124
 501 14