62 19.62152778 20.71180556 1570 212 0 999
72 19.64930556 20.74305556 1575 122 0 999
89 19.6875 20.59375 1305 211 0 999
94 19.70486111 20.57291667 1250 221 0 999
102 19.73263889 20.60763889 1260 211 0 999
104 19.74305556 20.04513889 435 122 0 20.30208333
106 19.74652778 20.06944444 465 112 0 20.26736111
107 19.75 20.03472222 410 122 0 20.26736111
108 19.75347222 20.04513889 420 122 0 20.21875
112 19.76388889 20.45486111 995 222 0 999
117 19.77430556 20.35416667 835 211 0 999
129 19.80555556 20.03472222 330 122 0 20.23263889
131 19.8125 20.03819444 325 122 0 20.20833333
136 19.82638889 20.375 790 211 0 999
142 19.84027778 20.47569444 915 211 0 999
144 19.84027778 20.10763889 385 222 0 20.22222222
145 19.84027778 20.61111111 1110 211 0 999
147 19.84375 20.37847222 770 211 0 999
148 19.84722222 20.42708333 835 122 0 999
149 19.85069444 20.04166667 275 222 0 20.18402778
150 19.85069444 20.30902778 660 211 0 999
151 19.85416667 20.45138889 860 211 0 999
155 19.86458333 20.40625 780 211 0 999
156 19.875 20.36458333 705 122 0 999
159 19.87847222 20.55208333 970 211 0 999
165 19.88888889 20.40277778 740 211 0 999
168 19.90277778 20.42361111 750 122 0 999
170 19.90972222 20.36805556 660 122 0 999
171 19.90972222 20.38541667 685 211 0 999
173 19.91666667 20.30902778 565 211 0 999
174 19.91666667 20.44444444 760 211 0 999
175 19.92013889 20.34375 610 121 0 999
177 19.92013889 20.38888889 675 211 0 999
178 19.92361111 20.43402778 735 221 0 999
179 19.92708333 20.30902778 550 211 0 999
180 19.93402778 20.31944444 555 211 0 999
181 19.93402778 20.40277778 675 211 0 999
182 19.9375 20.36458333 615 212 0 999
183 19.9375 20.41319444 685 211 0 999
184 19.94791667 20.40972222 665 211 0 999
185 19.95138889 20.40277778 650 222 0 999
186 19.95138889 20.44097222 705 122 0 999
187 19.95486111 20.38194444 615 122 0 999
188 19.95833333 20.31944444 520 211 0 999
189 19.96527778 20.42361111 660 212 0 999
190 19.96527778 20.45833333 710 211 0 999
191 19.96875 20.40625 630 211 0 999
192 19.97222222 20.34722222 540 211 0 999
193 19.97222222 20.42013889 645 211 0 999
194 19.97569444 20.49652778 750 121 0 999
195 19.97916667 20.40972222 620 211 0 999
196 19.98611111 20.62152778 915 211 0 999
197 19.99652778 20.42361111 615 211 0 999
208 19.20833333 20.62847222 2045 122 0 999
253 20.41666667 20.55902778 205 211 20.30902778 999
254 20.42013889 20.55208333 190 211 20.42013889 20.55208333
255 20.42361111 20.53125 155 211 20.40277778 999
256 20.42361111 20.57638889 220 211 20.42361111 20.63194444
257 20.42708333 20.5 105 212 20.38888889 20.54166667
258 20.42708333 20.52083333 135 222 20.41666667 999
259 20.43055556 20.50347222 105 211 20.42708333 20.51736111
260 20.43055556 20.54166667 160 222 20.42361111 20.61805556
261 20.43055556 20.54166667 160 222 20.42013889 20.56944444
262 20.43402778 20.50694444 105 212 20.40277778 20.57638889
263 20.43402778 20.51388889 115 212 20.39930556 20.55902778
264 20.4375 20.57638889 200 211 20.4375 20.61111111
265 20.4375 20.54166667 150 122 20.42708333 999
266 20.44097222 20.54861111 155 211 20.44097222 20.54861111
267 20.44444444 20.53125 125 211 20.44444444 20.54513889
268 20.44444444 20.55208333 155 122 20.41319444 20.70486111
269 20.44791667 20.53472222 125 221 20.32986111 20.55555556
270 20.45833333 20.54166667 120 211 20.37847222 999
271 20.45833333 20.57986111 175 212 20.44791667 20.61458333
272 20.46180556 20.78472222 465 211 20.46180556 20.78472222
273 20.47222222 20.53819444 95 211 20.47222222 20.56944444
274 20.47569444 20.58333333 155 222 20.38888889 20.64236111
275 20.5 20.78819444 415 122 20.47222222 999
276 20.51388889 20.59027778 110 211 20.51041667 20.59027778
277 20.51736111 20.59722222 115 211 20.50347222 20.59722222
278 20.51736111 20.61111111 135 221 20.50694444 20.63541667
279 20.52777778 20.69097222 235 211 20.42361111 20.72222222
280 20.53819444 20.63194444 135 112 20.51041667 20.76388889
281 20.54166667 20.61805556 110 212 20.5 20.63888889
282 20.54513889 20.71875 250 211 20.53125 20.83333333
283 20.54861111 20.62847222 115 211 20.54861111 20.63888889
284 20.55208333 20.625 105 211 20.55208333 20.625
285 20.55555556 20.63194444 110 221 20.53472222 20.64930556
286 20.55902778 20.63541667 110 212 20.51388889 20.65625
287 20.56944444 20.64583333 110 222 20.54166667 20.66319444
288 20.56944444 20.64930556 115 211 20.53819444 20.66319444
289 20.57638889 20.65277778 110 212 20.50694444 20.66319444
290 20.57638889 20.67708333 145 121 20.49652778 999
291 20.57986111 20.75694444 255 211 20.49305556 20.78819444
292 20.58333333 20.6875 150 222 20.58333333 20.69444444
293 20.59027778 20.67013889 115 211 20.59027778 20.67013889
294 20.59722222 20.67361111 110 211 20.59722222 20.67708333
295 20.60069444 20.70833333 155 211 20.49305556 999
296 20.60069444 20.68402778 120 211 20.49652778 999
297 20.60416667 20.75347222 215 211 20.49305556 20.79861111
298 20.60763889 20.71875 160 211 20.5 20.84375
299 20.61111111 20.70486111 135 211 20.57638889 20.87847222
300 20.61458333 20.69444444 115 211 20.61111111 20.88888889
301 20.61458333 20.74652778 190 212 20.57986111 20.75694444
302 20.61805556 20.84375 325 122 20.55208333 20.20486111
303 20.61805556 20.70833333 130 222 20.54166667 20.72916667
304 20.61805556 20.70486111 125 122 20.59375 20.74305556
305 20.62152778 20.69444444 105 211 20.62152778 20.88888889
306 20.62152778 20.70138889 115 211 20.60763889 20.70138889
307 20.62152778 20.72222222 145 211 20.49652778 20.73263889
308 20.625 20.87847222 365 122 20.58680556 20.89583333
309 20.625 20.69097222 95 211 20.625 20.85069444
310 20.63194444 20.71180556 115 211 20.57638889 20.83680556
311 20.63541667 20.73263889 140 221 20.61111111 20.76388889
312 20.63888889 20.70486111 95 211 20.62847222 20.70833333
313 20.63888889 20.73611111 140 212 20.61805556 20.78819444
314 20.64236111 20.73958333 140 222 20.58333333 20.80555556
315 20.64236111 20.72916667 125 211 20.49305556 20.73611111
316 20.64583333 20.85416667 300 122 20.63888889 20.87847222
317 20.64930556 20.72569444 110 221 20.63194444 20.76041667
318 20.65277778 20.80208333 215 211 20.48958333 20.85416667
319 20.65625 20.75 135 212 20.63541667 20.78125
320 20.66319444 20.76041667 140 211 20.48958333 20.84027778
321 20.66319444 20.73958333 110 221 20.65277778 20.76736111
322 20.66319444 20.83333333 245 211 20.47916667 999
323 20.66319444 20.74305556 115 211 20.64930556 20.75
324 20.66319444 20.76041667 140 222 20.64583333 20.78472222
325 20.67013889 20.76736111 140 211 20.67013889 20.77083333
326 20.67708333 20.78472222 155 211 20.67361111 20.78472222
327 20.68055556 20.80208333 175 121 20.63888889 999
328 20.68055556 21.36111111 980 122 20.53472222 999
329 20.6875 20.76388889 110 112 20.54861111 999
330 20.6875 20.78125 135 211 20.41666667 20.88541667
331 20.6875 20.86805556 260 121 20.54861111 19.74305556
332 20.69097222 20.76736111 110 112 20.63194444 20.30555556
333 20.69097222 20.86458333 250 122 20.62847222 20.87847222
334 20.69444444 20.76388889 100 222 20.6875 20.77777778
335 20.70138889 20.77777778 110 211 20.70138889 20.83333333
336 20.70486111 21.60069444 1290 122 20.55208333 999
337 20.70486111 20.78819444 120 112 20.45138889 20.76388889
338 20.70486111 21.04166667 485 121 20.46527778 999
339 20.70833333 20.77430556 95 211 20.70486111 20.81944444
340 20.71527778 21.55208333 1205 211 20.46180556 999
341 20.72222222 20.79513889 105 211 20.69097222 20.89583333
342 20.72222222 21.69097222 1395 211 20.42361111 999
343 20.72916667 21.41666667 990 122 20.62847222 999
344 20.72916667 20.80902778 115 222 20.70833333 20.85069444
345 20.73263889 20.90625 250 211 20.72222222 20.90625
346 20.73611111 20.90277778 240 211 20.72916667 20.90277778
347 20.74305556 20.90625 235 122 20.70486111 999
348 20.75 20.84375 135 211 20.74305556 20.84375
349 20.75 21.04513889 425 122 20.53819444 999
350 20.75694444 20.84375 125 212 20.74652778 20.875
351 20.76041667 20.85416667 135 221 20.72569444 20.88541667
352 20.76388889 20.89236111 185 112 20.54861111 20.92013889
353 20.76388889 20.84722222 120 221 20.73263889 20.85416667
354 20.76736111 20.90625 200 211 20.71875 999
355 20.77083333 20.84722222 110 211 20.76736111 20.86111111
356 20.77083333 20.92361111 220 211 20.74305556 999
357 20.77430556 21.35416667 835 211 20.49652778 999
358 20.77777778 20.85416667 110 211 20.69097222 999
359 20.78125 20.85763889 110 221 20.75 20.88541667
360 20.78472222 20.86805556 120 211 20.78472222 20.875
361 20.78472222 20.86458333 115 222 20.76041667 20.89583333
362 20.78472222 20.86458333 115 211 20.78472222 20.875
363 20.78472222 21.03472222 360 122 20.54861111 999
364 20.78819444 20.91319444 180 211 20.75694444 20.91666667
365 20.78819444 20.86458333 110 212 20.73611111 20.88194444
366 20.78819444 20.90625 170 221 20.73958333 999
367 20.79861111 20.92013889 175 211 20.75347222 20.92013889
368 20.80208333 20.91666667 165 122 20.54166667 999
369 20.80208333 20.92361111 175 211 20.71875 20.95138889
370 20.80555556 21.03472222 330 122 20.57291667 999
371 20.80555556 20.99652778 275 222 20.73958333 999
372 20.8125 20.92708333 165 211 20.47916667 999
373 20.8125 21.03819444 325 112 20.45138889 19.74652778
374 20.8125 20.93402778 175 122 20.57291667 999
375 20.81597222 20.90972222 135 211 20.69097222 999
376 20.81944444 20.90972222 130 211 20.77430556 20.90972222
377 20.81944444 21.01041667 275 222 20.76388889 20.19444444
378 20.82638889 20.91319444 125 211 20.44791667 999
379 20.83333333 20.90972222 110 122 20.58680556 999
380 20.83333333 20.90625 105 211 20.77777778 20.90625
381 20.83333333 20.92708333 135 211 20.71875 20.9375
382 20.83333333 20.94444444 160 122 20.75347222 999
383 20.83680556 20.93055556 135 211 20.71180556 20.9375
384 20.84027778 21.41319444 825 122 20.51736111 999
385 20.84027778 20.90972222 100 211 20.76041667 20.91666667
386 20.84027778 21.10763889 385 122 20.57291667 999
387 20.84027778 21.375 770 211 20.48263889 999
388 20.84375 20.90972222 95 211 20.84375 20.91666667
389 20.84375 21.37847222 770 222 20.45833333 999
390 20.84722222 21.38194444 770 211 20.47569444 999
391 20.85069444 21.04166667 275 222 20.80902778 19.84027778
392 20.85069444 21.30902778 660 211 20.69097222 20.57638889
393 20.85416667 21.40625 795 221 20.84722222 999
394 20.85416667 21.40625 795 211 20.80208333 999
395 20.85416667 20.95138889 140 211 20.71180556 20.95486111
396 20.86111111 20.92708333 95 211 20.84722222 20.9375
397 20.875 21.36458333 705 212 20.84375 999
398 20.875 20.95486111 115 211 20.86805556 20.95833333
399 20.875 20.96180556 125 211 20.86458333 20.99652778
400 20.87847222 21.54861111 965 122 20.85416667 19.75347222
401 20.87847222 20.96180556 120 211 20.70486111 20.96527778
402 20.88194444 20.94791667 95 212 20.86458333 20.96527778
403 20.88541667 20.97569444 130 211 20.78125 999
404 20.88541667 21.30902778 610 221 20.85416667 999
405 20.88541667 21.42708333 780 212 20.85763889 999
406 20.88888889 20.96180556 105 211 20.69444444 20.97569444
407 20.88888889 20.96875 115 211 20.69444444 20.96875
408 20.88888889 21.40277778 740 211 20.45138889 999
409 20.89583333 20.96875 105 222 20.86458333 999
410 20.89583333 21.30902778 595 211 20.79513889 999
411 20.89583333 21.42013889 755 122 20.87847222 999
412 20.90277778 21.40972222 730 211 20.90277778 999
413 20.90625 20.97916667 105 211 20.90625 20.97916667
414 20.90625 20.98263889 110 211 20.90625 20.99305556
415 20.90972222 20.98263889 105 211 20.90972222 20.98611111
416 20.91666667 21.36458333 645 211 20.91319444 999
417 20.91666667 21.38541667 675 211 20.90972222 999
418 20.91666667 21.38541667 675 211 20.90972222 999
419 20.92013889 21.34375 610 211 20.92013889 999
420 20.92013889 21.55902778 920 121 20.89236111 999
421 20.92361111 21.42013889 715 222 20.85416667 999
422 20.93402778 21 95 211 20.93055556 999
423 20.9375 21.39583333 660 211 20.92708333 999
424 20.9375 21.34722222 590 211 20.92708333 999
425 20.9375 21.31944444 550 211 20.93055556 999
426 20.94791667 21.40972222 665 212 20.90625 999
427 20.95138889 21.75347222 1155 211 20.5 999
428 20.95138889 21.44444444 710 211 20.92361111 999
429 20.95486111 21.35416667 575 211 20.95138889 19.95138889
430 20.95833333 21.31944444 520 211 20.95486111 999
431 20.96527778 21.46527778 720 211 20.96180556 999
432 20.96527778 21.38888889 610 212 20.94791667 999
433 20.96875 21.40625 630 211 20.96875 999
434 20.97222222 21.45833333 700 122 20.86458333 999
435 20.97569444 21.39930556 610 211 20.97569444 999
436 20.97569444 21.46180556 700 211 20.96180556 999
437 20.97916667 21.40972222 620 211 20.97916667 999
438 20.98611111 21.40625 605 211 20.98263889 999
439 20.99305556 21.40972222 600 211 20.98263889 999
440 20.99652778 21.42361111 615 211 20.96180556 999
441 20.00694444 20.69097222 985 221 0 999
442 20.01041667 20.38541667 540 211 0 999
443 20.01041667 20.35763889 500 211 0 999
444 20.01388889 20.39930556 555 122 0 999
445 20.01736111 20.54861111 765 122 0 999
446 20.00347222 20.37152778 530 211 0 999
447 20.0625 20.31944444 370 211 0 999
448 20.06597222 20.41666667 505 122 20.03819444 999
449 20.17361111 20.36111111 270 222 20.04166667 999
450 20.18402778 20.41666667 335 112 20.04513889 999
451 20.19444444 20.45833333 380 122 0 999
452 20.20486111 20.31944444 165 122 20.04513889 999
453 20.20833333 20.58680556 545 211 0 999
454 20.21875 20.41319444 280 122 0 999
455 20.22222222 20.42361111 290 122 20.04513889 999
456 20.23263889 20.53819444 440 211 0 999
457 20.23611111 21.53819444 1875 222 20.10763889 999
458 20.23958333 21.06944444 1195 211 0 999
459 20.24652778 20.32986111 120 222 20.10763889 999
460 20.24652778 20.54166667 425 212 0 999
461 20.24652778 20.51736111 390 122 20.04513889 999
462 20.25 20.46527778 310 122 0 999
463 20.26736111 20.63888889 535 122 20.03472222 999
464 20.26736111 20.53472222 385 112 0 999
465 20.27083333 20.42013889 215 211 0 999
466 20.28819444 20.57291667 410 211 0 999
467 20.29166667 20.38541667 135 122 0 999
468 20.29166667 20.54861111 370 122 20.03472222 999
469 20.30208333 20.53125 330 122 20.06944444 999
470 20.30555556 20.38888889 120 122 20.06944444 20.38888889
471 20.30555556 20.75347222 645 122 20.04513889 999
472 20.29513889 20.42708333 190 211 0 999
473 20.32986111 20.42708333 140 211 20.31944444 20.43055556
474 20.35069444 20.42708333 110 122 20.31944444 20.4375
475 20.35763889 20.46180556 150 211 20.34375 20.71527778
476 20.35763889 20.42361111 95 211 20.35763889 20.42361111
477 20.36111111 20.44097222 115 211 20.34722222 20.44097222
478 20.36111111 20.4375 110 211 20.35416667 20.4375
479 20.36458333 20.46180556 140 211 20.36458333 20.46180556
480 20.36458333 20.93055556 815 211 20.30902778 999
481 20.37152778 20.44791667 110 212 20.36458333 20.45833333
482 20.37152778 20.45138889 115 211 20.37152778 20.88888889
483 20.375 20.46527778 130 121 20.31944444 20.6875
484 20.38194444 20.44791667 95 211 20.38194444 20.85416667
485 20.38541667 20.47222222 125 122 20.36111111 20.5
486 20.38888889 20.47222222 120 211 20.38541667 20.47222222
487 20.38888889 20.51041667 175 112 20.38888889 20.53819444
488 20.39236111 20.47569444 120 211 20.38541667 20.84722222
489 20.39583333 20.48958333 135 211 20.375 20.66319444
490 20.39930556 20.47916667 115 211 20.30902778 20.8125
491 20.39930556 20.5 145 211 20.30902778 20.60763889
492 20.40277778 20.625 320 211 20.40277778 999
493 20.40277778 20.49305556 130 211 20.40277778 20.64236111
494 20.40625 20.48263889 110 211 20.40625 20.84027778
495 20.40625 20.50694444 145 221 20.38541667 20.51736111
496 20.40972222 20.49305556 120 211 20.31944444 20.60069444
497 20.40972222 20.49652778 125 211 20.36805556 20.60763889
498 20.40972222 20.49305556 120 211 20.40625 20.60416667
499 20.40972222 20.57291667 235 211 20.40972222 999
500 20.41319444 20.51041667 140 211 20.31944444 20.51388889
501 20.41319444 20.48958333 110 211 20.40972222 20.77430556