129 111 0 0
130 111 0 0
22 122 21.53819444 259
23 122 21.06944444 260
24 122 20.94444444 184
226 122 21.54861111 202
227 122 21.54861111 202
228 122 20.90625 149
131 122 21.42013889 213
132 122 21.03472222 165
133 122 21.01041667 179
134 122 21.03472222 172
135 122 21.03819444 175
136 122 21.04166667 140
137 122 21.60069444 138
138 122 21.03472222 172
139 122 21.55208333 142
140 122 21.04513889 151
141 122 21.36111111 130
25 123 20.86805556 133
225 132 20.89236111 154
26 133 20.86805556 133
223 133 20.93402778 176
224 133 20.67708333 92
210 211 20.92361111 158
211 211 21.35416667 231
212 211 21.30902778 212
213 211 21.40625 235
214 211 21.46180556 238
215 211 21.40972222 241
216 211 21.40972222 239
217 211 21.39583333 225
218 211 21.30902778 212
219 211 21.69097222 144
11 211 20.35763889 443
12 211 20.97569444 205
13 211 21.36458333 218
14 211 21.35416667 159
15 211 21.34375 221
16 211 21.375 189
17 211 21.40972222 214
18 211 21.38194444 192
19 211 21.38541667 220
110 211 21.40625 196
114 211 21.37847222 191
115 211 21.38541667 219
116 211 21.40277778 210
117 211 21.44444444 230
118 211 21.31944444 232
119 211 21.31944444 227
120 211 21.46527778 233
121 211 21.40625 240
122 211 21.39930556 237
123 211 21 224
124 211 21.34722222 226
125 211 21.42361111 242
126 211 20.38888889 177
127 211 20.61111111 145
128 211 20.93055556 282
220 213 21.38888889 234
221 213 21.36458333 199
21 222 21.04166667 193
111 222 20.96875 211
112 222 20.99652778 173
113 222 21.42013889 223
28 231 20.69097222 441
29 231 21.30902778 206
27 233 21.40972222 228
222 233 21.42708333 207