    62    12     1
    72   120     1
    89   138     1
    94   133     1
   102    16     1
   104   141     1
   106   225     2
   107   227     2
   108   132     1
   112     0     0
   117   218     2
   129   140     1
   131   228     2
   136   210     2
   142     0     0
   144   112     1
   145    17     1
   147   212     2
   148     0     0
   149   111     1
   150   214     2
   151   224     2
   155   215     2
   156   221     2
   159   134     1
   165     0     0
   168   219     2
   170   116     1
   171   217     2
   173   123     1
   174   213     2
   175   121     1
   177     0     0
   178     0     0
   179    15     1
   180   127     1
   181    18     1
   182   118     1
   183   220     2
   184   125     1
   185   222     2
   186     0     0
   187   124     1
   188   114     1
   189     0     0
   190     0     0
   191   117     1
   192   122     1
   193   211     2
   194   119     1
   195   128     1
   196   110     1
   197    11     1
   208   139     1
   253     0     0
   254   211     2
   255     0     0
   256   219     2
   257     0     0
   258   220     2
   259   115     1
   260    21     2
   261   111     1
   262     0     0
   263     0     0
   264   114     1
   265     0     0
   266   214     2
   267   121     1
   268     0     0
   269    29     2
   270   222     2
   271   221     2
   272    19     1
   273    15     1
   274   113     1
   275   112     1
   276   217     2
   277    18     1
   278    28     2
   279   124     1
   280   225     2
   281   220     2
   282   121     1
   283   214     2
   284   218     2
   285    29     2
   286   222     2
   287   111     1
   288   217     2
   289    27     2
   290     0     0
   291   211     2
   292   113     1
   293   212     2
   294   217     2
   295     0     0
   296     0     0
   297   214     2
   298   110     1
   299    16     1
   300    14     1
   301   221     2
   302     0     0
   303    21     2
   304   138     1
   305   110     1
   306    17     1
   307   115     1
   308   131     1
   309    18     1
   310   215     2
   311   222     2
   312   219     2
   313     0     0
   314     0     0
   315   213     2
   316   139     1
   317    29     2
   318     0     0
   319    27     2
   320   114     1
   321    28     2
   322     0     0
   323   210     2
   324   111     1
   325   212     2
   326   217     2
   327     0     0
   328   141     1
   329     0     0
   330     0     0
   331    25     2
   332     0     0
   333   227     2
   334   113     1
   335   122     1
   336   228     2
   337   220     2
   338   140     1
   339   127     1
   340    22     2
   341     0     0
   342   116     1
   343     0     0
   344    21     2
   345    19     1
   346    17     1
   347   133     1
   348   125     1
   349   135     1
   350   221     2
   351    29     2
   352   225     2
   353    28     2
   354     0     0
   355   214     2
   356    15     1
   357    14     1
   358   113     1
   359   222     2
   360   122     1
   361   111     1
   362   210     2
   363   132     1
   364   118     1
   365   220     2
   366    27     2
   367   119     1
   368     0     0
   369   115     1
   370   134     1
   371   112     1
   372     0     0
   373   136     1
   374   223     2
   375     0     0
   376   110     1
   377   226     2
   378     0     0
   379     0     0
   380   217     2
   381   114     1
   382    24     2
   383   122     1
   384     0     0
   385   213     2
   386    21     2
   387    16     1
   388   216     2
   389   215     2
   390   127     1
   391     0     0
   392   212     2
   393    28     2
   394   219     2
   395   211     2
   396    18     1
   397     0     0
   398   124     1
   399    13     1
   400   131     1
   401   121     1
   402   220     2
   403   214     2
   404    29     2
   405   221     2
   406   120     1
   407    11     1
   408   117     1
   409   111     1
   410   125     1
   411   227     2
   412    17     1
   413    19     1
   414   217     2
   415   213     2
   416   216     2
   417   118     1
   418   110     1
   419   119     1
   420   222     2
   421   113     1
   422   123     1
   423   114     1
   424    18     1
   425   122     1
   426    27     2
   427     0     0
   428   115     1
   429   124     1
   430   211     2
   431   213     2
   432   220     2
   433    13     1
   434     0     0
   435   214     2
   436     0     0
   437    19     1
   438    11     1
   439   121     1
   440   217     2
   441   126     1
   442    13     1
   443   216     2
   444    28     2
   445   223     2
   446    14     1
   447    19     1
   448   115     1
   449   226     2
   450     0     0
   451     0     0
   452    25     2
   453   131     1
   454   228     2
   455    21     2
   456   140     1
   457    23     2
   458   137     1
   459    27     2
   460   136     1
   461   132     1
   462     0     0
   463   141     1
   464   227     2
   465   113     1
   466    22     2
   467     0     0
   468   135     1
   469     0     0
   470   111     1
   471    24     2
   472    29     2
   473   114     1
   474    27     2
   475   112     1
   476   121     1
   477   214     2
   478   216     2
   479    15     1
   480   123     1
   481   221     2
   482    19     1
   483    25     2
   484   117     1
   485     0     0
   486   116     1
   487   225     2
   488   118     1
   489    14     1
   490   122     1
   491   124     1
   492     0     0
   493   215     2
   494    18     1
   495    28     2
   496   127     1
   497   217     2
   498   210     2
   499    27     2
   500    13     1
   501   125     1
