     2
    23
     1
     1
     2
     1
     1
     1
     5
     2
     3
     4
     1
     1
     1
     2
     1
     8
     1
     3
    11
     3
     5
     1
     7
     1
     4
     2
     3
     1
     5
     1
     2
     3
     2
     9
     1
     4
    44
    10
     1
     2
     2
     1
     2
     3
     1
     2
    14
     1
     8
     2
     8
     1
     2
     8
    19
     4
     1
     3
    29
     1
     4
     4
     7
     8
     3
     3
     1
     2
     2
     3
     1
     1
     3
     3
     1
     2
     2
     2
     2
     6
     1
     1
     1
     3
     1
     1
     2
     2
     2
     2
     2
     1
     1
     2
     3
     5
     1
     4
     1
     2
     1
     1
     5
     8
    11
     1
    10
     3
     5
     8
     2
     2
     3
     2
     3
     3
     4
    17
     4
     1
     2
     4
     3
     3
     2
     1
     1
     1
     7
     2
     3
     4
     1
     1
     1
    10
     1
     1
     1
     2
     1
     1
     1
     1
     4
     1
     1
     2
     6
     3
     7
     1
     8
    12
     2
     8
     1
     2
     1
     4
     4
    14
     3
     1
     1
     4
     1
     5
     8
     4
     6
    49
    11
     1
     7
     9
     6
     3
     1
     2
     1
     3
     1
    11
     5
     2
     1
     2
     2
     2
     3
     1
     1
     4
     1
     2
     1
     1
     2
     1
     1
     3
    19
     1
     2
     1
     1
     7
     5
     5
     1
     1
    11
     2
    13
     2
     3
     1
     3
     1
     3
     2
     1
     2
     1
     1
     2
     2
     4
     1
     2
     2
     3
     4
     1
     3
     5
     2
     2
     1
     9
     1
     1
     1
     1
     2
     1
     2
     1
     3
     2
     2
     3
     3
     2
     4
     1
     2
     1
     1
     1
     1
     2
     2
     3
     3
     2
     4
     3
     1
     1
     2
     3
    10
     1
     1
     1
     3
    17
     2
     5
     1
     1
    16
     7
     1
     1
     4
     1
     1
     1
     1
     8
     1
     1
    11
     2
     2
     1
     3
     2
     3
     1
     2
     3
     1
     2
     1
     1
     6
     1
     1
     4
     2
     1
     1
     1
     2
    12
    23
     7
     2
     1
     2
     1
     1
     2
     1
     1
     2
     1
    17
     1
     4
     1
     3
     2
     6
     2
     1
     8
     8
     1
     1
     1
     2
     1
     2
     1
     5
     4
     1
     3
     1
     1
     1
     4
     2
     1
     5
     1
     2
     1
    11
     4
    12
     2
     2
     1
     2
     7
     2
     3
     2
     3
     1
     2
     3
     2
     2
     1
     3
     1
     2
     5
     4
     1
     1
     2
    11
     2
     1
    26
     6
     1
     5
    10
     9
     2
     2
     1
     4
     2
     1
     6
     1
     4
     1
     3
    12
     1
     3
     1
     3
     2
     1
     3
     1
     3
     1
     2
     1
     2
     1
     1
     1
     1
     6
     1
     4
     3
     1
     1
     2
     3
     1
     3
     1
     2
     1
     3
     3
     1
     1
     2
     1
     3
     2
     1
     2
     1
     3
     1
     6
     2
     7
     1
     1
     1
     8
     5
     5
     1
     4
    10
     5
     1
     1
     1
    14
     3
     1
     1
     2
     1
     4
     2
     2
     1
     6
     2
     1
     1
     3
     2
     4
     3
     1
     1
     1
     1
     2
     2
     7
    26
     2
     3
    27
     7
    11
     4
     3
     1
     3
     4
     1
     2
    20
     3
     6
     1
     3
     4
     2
     1
     7
     1
     2
     3
     1
     3
     1
     1
     1
     1
     2
     3
     4
     1
     1
     9
     2
    10
     1
     2
     1
     3
     1
     1
     3
     1
     2
     4
     1
     2
     5
     6
     1
     2
     2
     2
     1
     5
     4
     3
     2
    18
     1
     3
     1
     2
     1
    14
     6
    11
     4
     7
     1
     2
     9
     3
     1
     1
     2
     2
     1
     1
     2
     1
     1
     3
     2
     5
     2
     2
     2
     3
    11
     1
     5
     1
     1
     1
     6
     1
     1
     1
     4
     1
     3
     3
     3
     2
     2
     3
     2
     1
     1
     1
     1
     2
     1
     1
     5
     1
     2
     4
    10
     5
     1
     1
     1
     3
     1
     1
     6
     2
     4
     6
     1
     1
    18
     5
     2
     1
     3
     4
     1
     6
     3
     3
     1
     1
     1
     2
     5
     1
     3
     2
     2
     6
     1
     1
     8
     1
     4
     1
     5
     1
     1
     3
     1
     2
     2
     1
     1
     1
     3
     1
     1
     3
     1
     2
     5
     4
     2
     1
     6
     2
     3
     5
     1
    11
     1
     1
     1
     2
     1
     1
     1
     6
     1
     1
     1
     4
     2
     1
     3
     3
     1
     4
     3
     1
     8
     3
     1
     1
     1
     1
     1
     8
     1
     1
     3
     2
     2
     1
     1
     3
     2
     1
     1
     1
    17
     1
     1
     1
     5
     3
     1
     3
     1
     1
     1
    10
     1
     1
     2
     3
     1
     1
     1
     3
     2
     2
     3
     2
     3
     3
     7
     2
     1
     1
     2
     1
     2
     2
     1
     2
     2
     2
     2
     2
     1
     1
     1
    10
     1
     3
     2
     1
     5
     2
     1
     3
     1
    44
     2
     5
     9
     7
     4
     2
     2
     1
     2
     3
     6
     7
     1
     1
     2
     7
     2
     2
     1
     2
     3
     4
     2
     2
     1
     1
     2
     1
     1
     4
     1
     5
     1
     2
     2
     1
     2
     1
     2
     2
     1
     4
    14
     3
     4
     2
     1
    16
     2
     1
     2
    11
     1
     1
     8
     1
     1
     1
     1
     1
     1
     5
     2
     1
     1
     3
     3
     2
     2
     2
     1
     9
     2
     3
     2
     4
     1
     1
     2
     2
     1
    30
     4
     2
     2
     1