          240.000000000002
          234.999999999998
          229.999999999999
          215.000000000002
          195.000000000002
          175.000000000001
          339.999999999999
          335.000000000001
          290.000000000001
          210.000000000003
          165.000000000003
          159.999999999999
          249.999999999999
          235.000000000003
          294.999999999999
          285.000000000002
          280.000000000003
          274.999999999999
          260.000000000002
          240.000000000002
                       225
          204.999999999999
          184.999999999999
                 999999999
                 999999999
                 999999999
                 999999999
                 999999999
                 999999999
                 999999999
                 999999999
                 999999999
                 999999999
                 999999999
                 999999999
          324.999999999998
                       315
          259.999999999997
          239.999999999997
          219.999999999996
          194.999999999997
          189.999999999998
          169.999999999997
                 999999999
                 999999999
                 999999999
                 999999999
                 999999999
                 999999999
                 999999999
                 999999999
                 999999999
                 999999999
                 999999999
                 999999999
                 999999999
          319.999999999999
          279.999999999998
          274.999999999999
          265.000000000001
          259.999999999997
          245.000000000001
                       225
                 999999999
                 999999999
                 999999999
                 999999999
                 999999999
                 999999999
                 999999999
                 999999999
                 999999999
                 999999999
                 999999999
                 999999999
                 999999999
          335.000000000001
          290.000000000001
          280.000000000003
          280.000000000003
          274.999999999999
                       225
          204.999999999999
          195.000000000002
          139.999999999999
                 999999999
                 999999999
                 999999999
                 999999999
                 999999999
                 999999999
          339.999999999999
                       270
          240.000000000002
          234.999999999998
          150.000000000002
                      1650
          260.000000000002
          195.000000000002
          170.000000000002
          165.000000000003
          155.000000000001
          299.999999999998
          279.999999999998
          274.999999999999
                       225
          169.999999999997
          139.999999999999
                 999999999
                 999999999
                 999999999
                 999999999
                 999999999
                 999999999
                 999999999
                 999999999
                 999999999
                 999999999
                 999999999
          324.999999999998
          284.999999999997
          284.999999999997
                       270
          264.999999999996
          214.999999999997
          194.999999999997
          184.999999999999
          174.999999999996
                 999999999
                 999999999
                 999999999
                 999999999
                 999999999
                 999999999
                 999999999
                 999999999
                 999999999
          200.000000000001
          229.999999999999
          184.999999999999
                 999999999
                 999999999
          259.999999999997
          220.000000000001
          195.000000000002
                       135
                      1685
          294.999999999999
          204.999999999999
          200.000000000001
          174.999999999996
          310.000000000001
          200.000000000001
          190.000000000003
                 999999999
                 999999999
                 999999999
                 999999999
                      1585
          195.000000000002
          150.000000000002
          335.000000000001
          265.000000000001
                      1725
                       270
          265.000000000001
          245.000000000001
          240.000000000002
          229.999999999999
          229.999999999999
          200.000000000001
          170.000000000002
                      1665
          274.999999999999
          204.999999999999
          189.999999999998
          184.999999999999
                       180
          169.999999999997
          194.999999999997
          189.999999999998
                       180
                       180
          174.999999999996
          169.999999999997
          274.999999999999
          234.999999999998
          209.999999999998
          204.999999999999
                      1720
          285.000000000002
                       225
                       225
          159.999999999999
                      1750
          215.000000000002
          210.000000000003
          195.000000000002
          190.000000000003
          185.000000000004
          175.000000000001
          145.000000000003
          240.000000000002
          220.000000000001
          215.000000000002
          200.000000000001
          170.000000000002
                       135
          284.999999999997
                       225
          245.000000000001
          175.000000000001
                      1585
          245.000000000001
          204.999999999999
                      1720
          265.000000000001
          260.000000000002
          235.000000000003
                       225
          195.000000000002
          165.000000000003
          159.999999999999
          139.999999999999
          204.999999999999
          274.999999999999
          245.000000000001
          219.999999999996
          234.999999999998
          155.000000000001
                       270
          249.999999999999
          184.999999999999
                      1730
          274.999999999999
          254.999999999998
          234.999999999998
          175.000000000001
          249.999999999999
          175.000000000001
          150.000000000002
          290.000000000001
          284.999999999997
          274.999999999999
                       270
          245.000000000001
          245.000000000001
          239.999999999997
                       225
          184.999999999999
          344.999999999998
                       315
                       180
          229.999999999999
          209.999999999998
          204.999999999999
          184.999999999999
          170.000000000002
          254.999999999998
          245.000000000001
          195.000000000002
          184.999999999999
          164.999999999998
          144.999999999998
          139.999999999999
          139.999999999999
          245.000000000001
          229.999999999999
                       225
                       225
          214.999999999997
          194.999999999997
          155.000000000001
                       180
          155.000000000001
          145.000000000003
          255.000000000003
          245.000000000001
          215.000000000002
          165.000000000003
          150.000000000002
          260.000000000002
          220.000000000001
          185.000000000004
          204.999999999999
          194.999999999997
          164.999999999998
          144.999999999998
          235.000000000003
          215.000000000002
          204.999999999999
          184.999999999999
                       180
          164.999999999998
          150.000000000002
          150.000000000002
          170.000000000002
          165.000000000003
          165.000000000003
          260.000000000002
          260.000000000002
          255.000000000003
                       225
          200.000000000001
          190.000000000003
          169.999999999997
          164.999999999998
          214.999999999997
          279.999999999998
          175.000000000001
          190.000000000003
          234.999999999998
          204.999999999999
          200.000000000001
          279.999999999998
          274.999999999999
          265.000000000001
          214.999999999997
          214.999999999997
          204.999999999999
                       180
          284.999999999997
          274.999999999999
          249.999999999999
          209.999999999998
          159.999999999999
          144.999999999998
          240.000000000002
          229.999999999999
                       270
          255.000000000003
          240.000000000002
          234.999999999998
          195.000000000002
          284.999999999997
          274.999999999999
                       270
          264.999999999996
          249.999999999999
                       225
          334.999999999995
          334.999999999995
          324.999999999998
          229.999999999999
          215.000000000002
          195.000000000002
          170.000000000002
          215.000000000002
          249.999999999999
          235.000000000003
          195.000000000002
          215.000000000002
          190.000000000003
          254.999999999998
          215.000000000002
          184.999999999999
          170.000000000002
          155.000000000001
          344.999999999998
          280.000000000003
          164.999999999998
                       135
          169.999999999997
          164.999999999998
          279.999999999998
          274.999999999999
          219.999999999996
          189.999999999998
                       180
          149.999999999997
          284.999999999997
          245.000000000001
          220.000000000001
          169.999999999997
          169.999999999997
                       135
          280.000000000003
          255.000000000003
                       225
          215.000000000002
          195.000000000002
          165.000000000003
          155.000000000001
          150.000000000002
          245.000000000001
          234.999999999998
          214.999999999997
          200.000000000001
          189.999999999998
                       180
          169.999999999997
          155.000000000001
          149.999999999997
          240.000000000002
          214.999999999997
          209.999999999998
          195.000000000002
          175.000000000001
          150.000000000002
          144.999999999998
          209.999999999998
          290.000000000001
          274.999999999999
                       270
          214.999999999997
          155.000000000001
          254.999999999998
                       225
          215.000000000002
          190.000000000003
          190.000000000003
          209.999999999998
          175.000000000001
          220.000000000001
          210.000000000003
          345.000000000003
                       315
          275.000000000004
          240.000000000002
          235.000000000003
                       180
                       180
                       180
          159.999999999999
          229.999999999999
          195.000000000002
          169.999999999997
          149.999999999997
          205.000000000005
          245.000000000001
          210.000000000003
          165.000000000003
          214.999999999997
          150.000000000002
          214.999999999997
          284.999999999997
          239.999999999997
          200.000000000001
          189.999999999998
          159.999999999999
          139.999999999999
                      1620
          215.000000000002
          209.999999999998
          265.000000000001
          240.000000000002
          240.000000000002
          200.000000000001
          195.000000000002
          170.000000000002
          255.000000000003
          200.000000000001
          245.000000000001
                       180
          150.000000000002
          324.999999999998
          319.999999999999
                       315
          290.000000000001
          290.000000000001
          279.999999999998
                       270
          254.999999999998
          249.999999999999
          249.999999999999
          214.999999999997
          194.999999999997
          194.999999999997
          110.000000000001
          240.000000000002
          209.999999999998
                       180
          155.000000000001
          145.000000000003
          145.000000000003
          284.999999999997
          274.999999999999
          264.999999999996
          249.999999999999
          214.999999999997
          209.999999999998
          189.999999999998
          169.999999999997
          159.999999999999
          144.999999999998
          139.999999999999
                      1750
                      1715
                      1710
                      1640
                      1630
                      1590
          320.000000000004
          240.000000000002
          220.000000000001
                      1725
                      1720
                      1705
                      1695
                      1685
                      1685
                      1655
                      1600
          245.000000000001
          229.999999999999
          200.000000000001
                       270
          249.999999999999
          240.000000000002
          195.000000000002
          145.000000000003
          330.000000000002
                       315
          274.999999999999
          254.999999999998
          254.999999999998
          204.999999999999
          200.000000000001
          195.000000000002
          189.999999999998
                       180
          175.000000000001
          170.000000000002
          150.000000000002
          144.999999999998
          220.000000000001
          184.999999999999
          200.000000000001
                       180
          319.999999999999
                       270
                       270
          234.999999999998
          204.999999999999
          175.000000000001
          335.000000000001
          239.999999999997
          189.999999999998
          169.999999999997
          169.999999999997
                       225
                      1435
          195.000000000002
                      1600
          245.000000000001
          240.000000000002
          235.000000000003
          204.999999999999
          184.999999999999
          129.999999999996
          324.999999999998
          309.999999999996
          290.000000000001
          290.000000000001
                       270
          254.999999999998
          194.999999999997
          144.999999999998
          310.000000000001
          274.999999999999
          204.999999999999
          150.000000000002
                      1590
                       225
          140.000000000004
                      1695
                      1600
          279.999999999998
                       270
          234.999999999998
          229.999999999999
          175.000000000001
          155.000000000001
          150.000000000002
                      1575
                      1605
          284.999999999997
          200.000000000001
          159.999999999999
          155.000000000001
          265.000000000001
          249.999999999999
          245.000000000001
          220.000000000001
          165.000000000003
          259.999999999997
          259.999999999997
          209.999999999998
                       135
                      1705
                      1680
                      1595
                      1560
          339.999999999999
          320.000000000004
          285.000000000002
          255.000000000003
          240.000000000002
          195.000000000002
          190.000000000003
          185.000000000004
          165.000000000003
          150.000000000002
                      1420
          214.999999999997
          199.999999999995
                       180
                      1575
          274.999999999999
          254.999999999998
          245.000000000001
          204.999999999999
          200.000000000001
          150.000000000002
          150.000000000002
                      1605
          335.000000000001
          209.999999999998
                       135
                      1610
          309.999999999996
          244.999999999995
          144.999999999998
          200.000000000001
          190.000000000003
          170.000000000002
          139.999999999999
          284.999999999997
          200.000000000001
          159.999999999999
                      1605
                      1605
                      1585
          220.000000000001
          220.000000000001
          195.000000000002
          175.000000000001
                      1750
                      1655
                      1615
                      1595
                       270
          250.000000000005
          185.000000000004
          185.000000000004
                      1630
                      1625
                      1620
                      1615
                      1595
                      1585
                      1755
                      1725
                      1715
                      1710
                      1710
                      1695
                      1680
                      1675
                      1670
                      1665
                      1655
                      1655
                      1645
                      1640
                      1640
                      1655
          285.000000000002
                       225
          215.000000000002
          210.000000000003
          205.000000000005
                      1590
                      1470
          230.000000000004
                      1665
                      1625
                      1610
                      1605
          240.000000000002
                       225
          215.000000000002
          195.000000000002
                      1730
                      1660
                      1625
                      1685
                      1625
          240.000000000002
                      1665
          280.000000000003
          235.000000000003
          215.000000000002
          155.000000000001
                      3135
                      3090
                      1700
                      1635
                      1630
                      1695
                      1690
                      1655
          265.000000000001
          220.000000000001
          200.000000000001
          175.000000000001
                       180
          175.000000000001
          169.999999999997
          155.000000000001
          150.000000000002
          285.000000000002
          274.999999999999
                       270
          265.000000000001
          254.999999999998
          229.999999999999
          204.999999999999
          200.000000000001
                       180
                      1600
          144.999999999998
          245.000000000001
          240.000000000002
          230.000000000004
                       225
          215.000000000002
          200.000000000001
          185.000000000004
          330.000000000002
          325.000000000003
          320.000000000004
          310.000000000001
                       270
                      1735
          299.999999999998
          279.999999999998
          249.999999999999
          239.999999999997
          209.999999999998
          154.999999999995
          169.999999999997
          174.999999999996
          164.999999999998
          159.999999999999
          149.999999999997
          139.999999999999
                       270
          254.999999999998
          239.999999999997
          239.999999999997
          199.999999999995
          194.999999999997
          189.999999999998
          184.999999999999
                      1585
                      1680
                      1650
          144.999999999998
          139.999999999999
          304.999999999997
          240.000000000002
                       225
          209.999999999998
          189.999999999998
                       180
          164.999999999998
          155.000000000001
          294.999999999999
          285.000000000002
          280.000000000003
          260.000000000002
          260.000000000002
          335.000000000001
          169.999999999997
          164.999999999998
          155.000000000001
          155.000000000001
          149.999999999997
          144.999999999998
                       135
          329.999999999997
          344.999999999998
          265.000000000001
          254.999999999998
          249.999999999999
          245.000000000001
          234.999999999998
          234.999999999998
          214.999999999997
          209.999999999998
          204.999999999999
          194.999999999997
          189.999999999998
          189.999999999998
                       180
                       180
          210.000000000003
          165.000000000003
          159.999999999999
          145.000000000003
          300.000000000003
          249.999999999999
          235.000000000003
                      1695
          310.000000000001
                       225
          194.999999999997
          164.999999999998
          155.000000000001
                       270
          259.999999999997
          194.999999999997
                      1755
                       270
          229.999999999999
          274.999999999999
          259.999999999997
          229.999999999999
          174.999999999996
          280.000000000003
          250.000000000005
          245.000000000001
          279.999999999998
          279.999999999998
          249.999999999999
          220.000000000001
          194.999999999997
          274.999999999999
          215.000000000002
          209.999999999998
          280.000000000003
          245.000000000001
                      1610
          245.000000000001
          240.000000000002
          235.000000000003
          185.000000000004
          170.000000000002
          140.000000000004
          170.000000000002
          265.000000000001
          259.999999999997
          254.999999999998
          175.000000000001
          155.000000000001
          144.999999999998
                       135
          130.000000000001
                       315
          294.999999999999
          260.000000000002
          230.000000000004
          215.000000000002
          215.000000000002
          200.000000000001
                       180
          155.000000000001
          150.000000000002
          145.000000000003
                       270
                       180
                       180
          235.000000000003
          230.000000000004