    62   120     1
    72   213     2
    89   228     2
    94    23     2
   102    18     1
   104   134     1
   106   225     2
   107   140     1
   108   137     1
   112     0     0
   117   115     1
   129   133     1
   131   139     1
   136   214     2
   142     0     0
   144   112     1
   145   118     1
   147   211     2
   148     0     0
   149   111     1
   150   122     1
   151   224     2
   155   125     1
   156   221     2
   159    24     2
   165     0     0
   168   219     2
   170    14     1
   171   119     1
   173   210     2
   174   217     2
   175   110     1
   177   220     2
   178    29     2
   179    19     1
   180   121     1
   181   117     1
   182    13     1
   183     0     0
   184   218     2
   185     0     0
   186     0     0
   187   123     1
   188   215     2
   189     0     0
   190     0     0
   191   126     1
   192   212     2
   193   128     1
   194   124     1
   195    11     1
   196    15     1
   197   114     1
   208   136     1
   253    27     2
   254   128     1
   255     0     0
   256    13     1
   257     0     0
   258     0     0
   259   121     1
   260   113     1
   261    21     2
   262     0     0
   263   220     2
   264   212     2
   265     0     0
   266   215     2
   267   217     2
   268   222     2
   269    29     2
   270     0     0
   271   221     2
   272   216     2
   273   210     2
   274   111     1
   275   112     1
   276   219     2
   277   121     1
   278    28     2
   279   115     1
   280   225     2
   281   220     2
   282    17     1
   283   210     2
   284   212     2
   285    29     2
   286   222     2
   287    21     2
   288   116     1
   289    27     2
   290     0     0
   291    12     1
   292   111     1
   293   210     2
   294   217     2
   295     0     0
   296     0     0
   297   215     2
   298   211     2
   299   121     1
   300   123     1
   301   221     2
   302     0     0
   303   113     1
   304   140     1
   305    15     1
   306   118     1
   307   214     2
   308   134     1
   309   219     2
   310    13     1
   311     0     0
   312   119     1
   313     0     0
   314   222     2
   315   122     1
   316   131     1
   317    29     2
   318     0     0
   319     0     0
   320   117     1
   321     0     0
   322     0     0
   323   210     2
   324    21     2
   325   210     2
   326   217     2
   327     0     0
   328   137     1
   329    28     2
   330     0     0
   331    25     2
   332    27     2
   333   136     1
   334   111     1
   335   118     1
   336   226     2
   337   220     2
   338   227     2
   339   115     1
   340   139     1
   341     0     0
   342    11     1
   343     0     0
   344   113     1
   345    13     1
   346    17     1
   347   132     1
   348   122     1
   349    22     2
   350   221     2
   351    29     2
   352   225     2
   353    28     2
   354     0     0
   355   219     2
   356   123     1
   357    14     1
   358   111     1
   359   222     2
   360   126     1
   361    21     2
   362   125     1
   363   228     2
   364   219     2
   365   220     2
   366     0     0
   367    15     1
   368     0     0
   369   117     1
   370   140     1
   371   112     1
   372     0     0
   373    23     2
   374   223     2
   375     0     0
   376   115     1
   377   133     1
   378     0     0
   379    27     2
   380   216     2
   381   218     2
   382   138     1
   383   210     2
   384     0     0
   385   215     2
   386     0     0
   387    19     1
   388   213     2
   389   212     2
   390   118     1
   391   113     1
   392   122     1
   393    29     2
   394   110     1
   395   121     1
   396   119     1
   397   221     2
   398   125     1
   399   126     1
   400   136     1
   401   120     1
   402   220     2
   403   124     1
   404     0     0
   405     0     0
   406   217     2
   407   211     2
   408   116     1
   409   111     1
   410    18     1
   411   134     1
   412    17     1
   413    13     1
   414   216     2
   415   215     2
   416   219     2
   417   115     1
   418   213     2
   419    15     1
   420     0     0
   421    21     2
   422    16     1
   423   210     2
   424   218     2
   425   119     1
   426   222     2
   427    28     2
   428   117     1
   429   125     1
   430   121     1
   431   120     1
   432   220     2
   433   211     2
   434    27     2
   435   126     1
   436     0     0
   437    13     1
   438   217     2
   439   216     2
   440   215     2
   441    12     1
   442    17     1
   443   127     1
   444    28     2
   445   223     2
   446   116     1
   447    16     1
   448   216     2
   449   134     1
   450   111     1
   451     0     0
   452    25     2
   453   226     2
   454   140     1
   455     0     0
   456   139     1
   457   141     1
   458   135     1
   459   222     2
   460   227     2
   461   131     1
   462     0     0
   463    22     2
   464   137     1
   465    21     2
   466   132     1
   467     0     0
   468   133     1
   469     0     0
   470   113     1
   471   138     1
   472    27     2
   473   121     1
   474   222     2
   475   112     1
   476   215     2
   477    19     1
   478   212     2
   479   210     2
   480    16     1
   481   221     2
   482   116     1
   483    25     2
   484   211     2
   485     0     0
   486   123     1
   487   225     2
   488   115     1
   489   117     1
   490   119     1
   491   110     1
   492     0     0
   493   214     2
   494   127     1
   495    28     2
   496   126     1
   497   122     1
   498    11     1
   499     0     0
   500   218     2
   501    14     1