                         0
          1.64285714285716
                         0
                         0
         0.249999999999998
         0.272727272727271
         0.051948051948052
         0.144736842105263
         0.671641791044775
                         0
         0.828571428571415
          1.13170731707317
         0.179661016949153
         0.189285714285712
        0.0441176470588236
                         0
        0.0461538461538457
                     1.125
         0.206557377049179
         0.315789473684209
          2.36296296296296
         0.636000000000001
          1.36956521739131
                         0
         3.15000000315e-07
          5.3000000053e-08
         2.52000000252e-07
         1.26000000126e-07
         1.74000000174e-07
          4.8000000048e-08
          2.9000000029e-07
          5.3000000053e-08
         1.16000000116e-07
         1.89000000189e-07
         1.06000000106e-07
          1.53243243243244
         0.188888888888889
         0.563934426229513
          7.41052631578956
          2.18867924528305
         0.283333333333337
                         0
         0.372093023255819
          5.8000000058e-08
          9.6000000096e-08
         2.04000000204e-07
          6.8000000068e-08
         1.16000000116e-07
         8.82000000882e-07
          6.8000000068e-08
         4.24000000424e-07
          8.6000000086e-08
         4.64000000464e-07
          4.8000000048e-08
           9.000000009e-08
         3.84000000384e-07
         0.520547945205481
         0.184615384615386
         0.156250000000001
          0.14516129032258
          5.51475409836071
         0.189655172413793
         0.637037037037037
          1.6000000016e-07
           7.000000007e-08
           2.000000002e-07
         1.65000000165e-07
          1.5000000015e-07
          3.5000000035e-08
           9.000000009e-08
           9.000000009e-08
          1.2000000012e-07
          5.5000000055e-08
           4.000000004e-08
         1.29000000129e-07
          1.2000000012e-07
        0.0263157894736842
         0.298507462686567
        0.0923076923076915
         0.338461538461535
         0.362500000000001
                         1
                      0.16
         0.208333333333332
         0.216216216216218
         1.65000000165e-07
          5.8000000058e-08
           1.000000001e-08
          1.1000000011e-07
          8.6000000086e-08
           8.000000008e-08
                         0
                         0
                         0
                         0
                         0
        0.0353982300884955
          0.24590163934426
         0.241666666666665
          0.37209302325581
        0.0952380952380937
         0.579999999999998
         0.168115942028986
        0.0461538461538465
         0.906250000000003
         0.888888888888889
          3.22325581395353
                         0
          4.5000000045e-07
         1.59000000159e-07
         3.15000000315e-07
         5.04000000504e-07
         1.16000000116e-07
          9.6000000096e-08
         1.74000000174e-07
         1.06000000106e-07
         1.89000000189e-07
         1.59000000159e-07
         2.12000000212e-07
         0.459459459459462
         0.181818181818184
         0.121212121212122
        0.0952380952380952
         0.748387096774203
         0.519230769230775
         0.500000000000007
         0.434782608695654
         0.250000000000005
          5.5000000055e-08
           1.000000001e-08
         1.75000000175e-07
          1.1000000011e-07
          1.5000000015e-07
          1.4000000014e-07
           4.000000004e-08
          5.5000000055e-08
           4.000000004e-08
         0.816326530612243
         0.127272727272728
         0.217391304347827
          4.5000000045e-08
           7.000000007e-08
          0.16393442622951
                         0
        0.0624999999999996
         0.277777777777778
         0.046242774566474
        0.0441176470588236
        0.0800000000000002
         0.163265306122449
                         0
         0.380281690140844
         0.999999999999998
         0.191489361702125
          2.8000000028e-07
           6.000000006e-07
           6.000000006e-08
          2.8000000028e-07
        0.0153374233128834
         0.166666666666665
         0.348717948717946
          0.63157894736842
         0.322580645161289
          0.19774011299435
                       0.6
        0.0483870967741934
         0.086206896551724
         0.350877192982454
         0.072727272727273
          1.14545454545455
         0.653061224489794
          0.37209302325581
        0.0350877192982456
          3.82812500000001
         0.880000000000002
         0.106382978723405
         0.608695652173916
                       0.8
          1.25581395348839
          0.72500000000001
         0.268085106382981
                         0
                         0
         0.340909090909097
                         0
          1.99375000000001
          1.03571428571429
         0.352941176470591
                         0
        0.0113314447592068
         0.242424242424241
         0.185185185185185
                       0.5
         0.121951219512195
       0.00835654596100278
         0.892307692307684
        0.0392156862745093
         0.124999999999999
        0.0851063829787224
        0.0869565217391289
         0.527272727272725
        0.0789473684210514
         0.221052631578946
         0.226415094339622
          1.82692307692306
         0.257142857142857
         0.186046511627905
         0.111111111111111
         0.190909090909093
         0.518518518518518
                         0
                         0
        0.0153374233128834
         0.086206896551724
         0.880000000000002
        0.0226628895184136
          2.51612903225806
         0.131147540983606
         0.107142857142856
         0.222222222222222
         0.312499999999998
         0.119047619047617
         0.365853658536586
         0.486486486486489
                       0.1
                         0
                         0
                         0
                         0
                         0
         0.253968253968254
        0.0677966101694917
         0.173913043478262
         0.028169014084507
         0.590625000000002
         0.266666666666668
         0.225000000000002
         0.272727272727271
         0.983050847457629
                         0
          0.59487179487179
                         0
         0.545454545454551
                         0
         0.142857142857143
                         0
         0.103448275862069
         0.385964912280706
         0.222222222222222
                         0
        0.0769230769230773
                     0.375
                         0
         0.443636363636365
         0.529411764705886
                         0
          0.47826086956522
                         0
         0.193333333333334
                         0
                         0
                         0
                         0
                         0
                         0
                         0
                         0
                         0
                         0
                         0
                         0
                         0
                         0
         0.355555555555556
                         0
          2.36842105263154
         0.183333333333331
         0.189655172413793
         0.173076923076922
                         0
                         0
         0.380327868852456
         0.999999999999996
         0.252173913043474
                         0
                         0
                         0
                         0
         0.189285714285712
          1.04615384615384
                     0.172
                         0
         0.191111111111111
         0.300000000000002
          2.37948717948716
                         0
                         0
                         0
                         0
                         0
                         0
                         0
                         0
                         0
                         0
         0.465116279069774
                         0
         0.203846153846156
                         0
         0.218181818181817
                         0
         0.921428571428579
                         0
          0.23673469387755
                         0
         0.268750000000001
                         0
         0.242307692307695
                         0
         0.280000000000001
          2.13333333333333
                         0
                         0
                         0
                         0
                         0
                         0
          0.23157894736842
         0.181818181818183
         0.225396825396825
         0.116666666666665
                         0
         0.160714285714287
          1.41666666666666
                         0
         0.725000000000003
                         0
         0.387096774193553
         0.291525423728814
         0.444444444444444
         0.331578947368425
          0.15263157894737
          0.86486486486487
          1.68727272727273
         0.165384615384614
        0.0624999999999996
                         0
         0.115384615384614
         0.213559322033899
         0.485714285714281
                         0
                         0
          1.15744680851062
                         0
         0.461538461538458
         0.173913043478262
         0.232558139534881
         0.174999999999999
         0.594871794871797
        0.0923076923076915
         0.323809523809526
                         0
         0.316279069767446
          0.72380952380953
                         0
                         0
                         0
                         0
                         0
                         0
         0.181818181818184
         0.103448275862069
                         0
         0.558139534883728
                         0
                         0
         0.627692307692302
         0.226666666666664
         0.503703703703704
         0.784615384615378
         0.524999999999996
          0.59999999999999
         0.214999999999999
          1.04615384615384
         0.137931034482758
         0.250000000000002
         0.769230769230778
         0.979591836734692
                         0
        0.0888888888888889
         0.558139534883728
                         0
          0.46153846153847
         0.105263157894736
          5.30000000000006
         0.705882352941181
         0.249999999999998
         0.454545454545452
                         0
          2.13157894736845
                         0
         0.376119402985074
                         0
         0.317460317460317
                         0
        0.0749999999999998
         0.900000000000005
                         0
         0.307692307692305
                         0
                         0
          3.20000000000002
         0.195454545454544
                         0
        0.0588235294117639
         0.230769230769229
         0.294444444444444
         0.140624999999998
                         0
                         0
                         0
                         0
                         0
         0.185365853658537
                         0
                         0
                         0
                         0
                         0
                       1.2
         0.207843137254899
         0.380952380952375
         0.288461538461542
                         0
         0.261538461538464
                         0
                         0
                         0
                         0
                         0
                         0
         0.015015015015015
                         0
                         0
                         0
                         0
                         0
                         0
                         0
                         0
        0.0666666666666659
                         0
                         0
                         0
                         0
         0.486486486486489
         0.328767123287672
         0.194444444444444
                         0
          0.15820895522388
         0.184615384615386
          1.52380952380952
                         0
                         0
        0.0338983050847458
         0.892307692307702
                         0
         0.416666666666673
                         0
         0.175438596491227
        0.0784313725490201
          2.48888888888889
                         0
         0.184210526315787
         0.226315789473681
                         0
                         0
                         0
                         0
                         0
                         0
                         0
                         0
                         0
                         0
                         0
        0.0557103064066852
         0.034090909090909
        0.0991452991452991
        0.0237388724035608
        0.0298507462686567
                         0
        0.0273972602739723
         0.350877192982454
         0.301886792452829
                         0
                         0
                         0
                         0
                         0
                         0
                         0
                         0
         0.413793103448275
         0.156363636363637
         0.734693877551019
         0.698412698412698
        0.0847457627118646
         0.371929824561401
                         0
         0.915789473684197
         0.959999999999996
                         0
         0.543750000000002
                         0
         0.133333333333334
                     0.212
                         0
         0.208333333333332
         0.510638297872345
         0.573333333333333
         0.272727272727271
                         0
         0.205128205128203
                         0
         0.094339622641509
         0.273913043478262
         0.489795918367346
                         0
         0.745205479452057
         0.142857142857143
                         0
                         0
         0.544000000000001
          3.09090909090907
        0.0999999999999999
                         0
         0.255319148936173
                         0
        0.0465116279069774
        0.0925925925925926
         0.143918918918919
         0.274999999999998
        0.0644376899696049
                         0
        0.0350877192982454
         0.142857142857141
                       1.2
         0.521739130434785
         0.200000000000005
         0.232432432432434
         0.225352112676059
                         0
         0.173134328358209
          1.07936507936508
                         0
                         0
         0.421052631578952
                         0
                         0
                         0
         0.307692307692305
                         0
                         0
                         0
         0.217241379310345
         0.100303951367781
         0.246153846153848
          1.28888888888889
         0.196428571428573
         0.400000000000002
                         0
         0.824999999999998
        0.0769230769230762
                         0
                         0
                         0
                         0
                         0
                         0
         0.154838709677419
         0.186440677966102
         0.568965517241378
         0.339622641509433
         0.595238095238086
                         0
                         0
         0.533333333333337
          1.13333333333333
         0.314285714285714
        0.0289855072463768
         0.121951219512195
        0.0249221183800623
         0.142857142857143
         0.123287671232875
                         0
         0.183333333333331
          0.19298245614035
         0.208333333333332
         0.595744680851057
          0.19565217391304
         0.571428571428562
          0.61538461538461
                         0
                         0
                         0
                         0
        0.0246913580246914
         0.196875000000001
                         0
         0.244827586206896
         0.232000000000001
                         0
                         0
         0.338461538461535
        0.0606060606060607
        0.0394736842105263
         0.392156862745101
         0.333333333333333
         0.332326283987916
                         0
         0.206896551724141
         0.315789473684214
                         0
         0.255319148936167
        0.0697674418604644
          0.18918918918919
                         0
                         0
          1.32682926829269
        0.0363636363636364
                      0.04
        0.0386503067484663
                         0
          1.15094339622641
         0.124999999999999
        0.0909090909090904
         0.127019498607242
        0.0470588235294117
       0.00903614457831325
         0.248780487804878
         0.333333333333333
                         0
         0.308695652173908
         0.108695652173911
        0.0179104477611941
        0.0718562874251498
          0.12012012012012
                         0
        0.0823170731707317
        0.0650306748466259
        0.0666666666666667
         0.135593220338983
        0.0113636363636364
        0.0341880341880342
         0.250712250712251
        0.0316091954022989
         0.104347826086956
                         0
         0.087463556851312
        0.0263157894736842
        0.0323529411764706
        0.0794117647058825
        0.0313609467455621
        0.0534124629080119
                         0
       0.00882352941176469
         0.166666666666666
                         0
                         0
         0.215686274509801
        0.0599999999999989
         0.115596330275229
        0.0382838283828382
         0.312727272727268
        0.0584795321637427
        0.0359281437125749
        0.0181268882175226
        0.0351515151515152
                         0
                         0
         0.230769230769229
         0.312499999999998
        0.0169014084507042
         0.064516129032258
       0.00598802395209581
        0.0115606936416185
        0.0299401197604791
         0.350877192982454
        0.0175438596491228
         0.233846153846152
        0.0714285714285707
         0.576923076923072
                      0.15
       0.00628930817610062
       0.00478468899521531
        0.0458452722063037
        0.0749999999999999
         0.008955223880597
        0.0258620689655172
        0.0259365994236311
        0.0117647058823529
         0.193548387096773
         0.713207547169808
          0.23673469387755
         0.727272727272724
         0.706666666666667
                         0
        0.0930232558139547
         0.289999999999999
                         0
          0.16060606060606
         0.500000000000002
                       0.2
         0.219354838709677
         0.630000000000004
         0.312727272727274
         0.320000000000001
                         0
        0.0888888888888889
        0.0364741641337386
         0.631578947368429
         0.155172413793103
          0.19298245614035
                         0
          1.57407407407407
                         0
          0.23673469387755
          0.19565217391304
         0.199999999999999
         0.445945945945943
         0.136986301369862
         0.422535211267604
         0.158730158730159
        0.0140449438202247
         0.130434782608696
          0.92307692307693
        0.0847457627118646
         0.035087719298246
        0.0784313725490201
         0.675000000000015
         0.209302325581398
         0.204545454545458
         0.166666666666668
                         0
                         0
         0.432432432432435
         0.428571428571429
         0.333333333333335
         0.473684210526321
         0.526315789473691
          1.42857142857146
         0.333333333333338
           0.2468085106383
                         0
                         0
        0.0231884057971015
        0.0530973451327434
         0.610526315789481
         0.340540540540543
         0.257142857142859
         0.407017543859647
          0.42962962962963
         0.454901960784317
                         0
         0.235555555555556
         0.252380952380954
         0.264999999999999
          1.26470588235294
         0.175757575757575
                         0
                         0
         0.140983606557376
         0.526315789473683
         0.418604651162796
         0.261904761904764
                         0
                         0
          5.64102564102574
                         0
          1.11111111111111
          1.39200000000001
          1.04102564102565
          0.58064516129032
         0.100000000000001
         0.372881355932204
         0.172413793103448
         0.321428571428574
          0.53571428571429
                         0
          1.23529411764707
                      0.16
         0.166666666666669
                         0
          1.19148936170214
         0.355555555555556
                         0
                         0
         0.428571428571422
         0.731707317073173
          1.15789473684209
         0.318840579710142
         0.271186440677967
         0.142857142857141
        0.0057471264367816
         0.298591549295774
         0.251851851851852
        0.0416666666666673
          1.00952380952382
        0.0999999999999997
         0.158730158730159
         0.196721311475412
         0.208333333333336
        0.0277777777777778
        0.0793650793650794
         0.145454545454546
        0.0312500000000001
          0.16393442622951
         0.181818181818183
         0.136363636363639
         0.184615384615383
          0.71186440677965
         0.548275862068964
         0.246153846153848
          0.38769230769231
        0.0677966101694917
          1.20754716981132
         0.566666666666675
        0.0468750000000002
         0.115384615384614
         0.647058823529416
        0.0461538461538457
        0.0517241379310344
        0.0966767371601207
         0.234482758620689
         0.238596491228069
                         0
                         0
                         0
         0.135135135135132
          1.58139534883719
        0.0967741935483867
                         0
                         0
                         0
                         0
                         0
         0.477777777777778
         0.777142857142852
        0.0833333333333333
          1.05882352941177
         0.445901639344259
          0.57818181818181
         0.523076923076919
         0.969230769230761
         0.257142857142857
                         0
         0.579999999999998
         0.410256410256407
         0.305263157894732
           1.9047619047619
          1.20888888888889
                         0
                         0
                         0