    62   116     1     2
    72    13     1     2
    89   138     1     3
    94   134     1     7
   102   219     2     2
   104   135     1     7
   106   225     2     3
   107   227     2     7
   108   228     2     7
   112     0     0     0
   117   212     2     5
   129   141     1     7
   131   226     2     7
   136   123     1     5
   142     0     0     0
   144    21     2     5
   145    17     1     2
   147   214     2     5
   148     0     0     0
   149   112     1     5
   150   216     2     6
   151   224     2     3
   155   218     2     4
   156   221     2     3
   159   132     1     7
   165   220     2     3
   168   217     2     2
   170   215     2     5
   171    12     1     4
   173   118     1     6
   174   125     1     2
   175   115     1     6
   177     0     0     0
   178     0     0     0
   179   122     1     6
   180    18     1     6
   181   110     1     4
   182   126     1     5
   183     0     0     0
   184    15     1     4
   185    28     2     1
   186     0     0     0
   187    14     1     4
   188   120     1     6
   189     0     0     0
   190     0     0     0
   191    11     1     4
   192   119     1     6
   193   124     1     4
   194    16     1     2
   195   127     1     4
   196    19     1     2
   197   117     1     2
   208   140     1     3
   253   222     2     3
   254   124     1     4
   255    27     2     1
   256   122     1     5
   257     0     0     0
   258     0     0     0
   259   216     2     6
   260    21     2     1
   261   111     1     5
   262     0     0     0
   263   220     2     3
   264   217     2     5
   265     0     0     0
   266   120     1     6
   267   125     1     2
   268     0     0     0
   269    29     2     1
   270     0     0     0
   271   221     2     3
   272   115     1     5
   273   114     1     4
   274   113     1     5
   275     0     0     0
   276    11     1     6
   277   127     1     6
   278    28     2     1
   279    11     1     6
   280   225     2     3
   281   220     2     3
   282   127     1     2
   283    16     1     6
   284   120     1     4
   285    29     2     1
   286   222     2     3
   287   111     1     5
   288   114     1     4
   289    27     2     1
   290     0     0     0
   291   215     2     4
   292    21     2     5
   293   217     2     6
   294    11     1     6
   295     0     0     0
   296     0     0     0
   297   123     1     4
   298   216     2     5
   299   118     1     5
   300   218     2     2
   301   221     2     3
   302     0     0     0
   303   113     1     1
   304   135     1     3
   305   124     1     2
   306    14     1     2
   307    18     1     2
   308   136     1     7
   309   213     2     4
   310   120     1     5
   311    28     2     1
   312    16     1     6
   313   220     2     3
   314   222     2     3
   315   128     1     4
   316   141     1     3
   317    29     2     1
   318   112     1     5
   319     0     0     0
   320   122     1     5
   321    27     2     1
   322     0     0     0
   323   212     2     4
   324   111     1     5
   325   217     2     6
   326   128     1     6
   327     0     0     0
   328   227     2     7
   329     0     0     0
   330     0     0     0
   331    25     2     1
   332     0     0     0
   333    23     2     3
   334    21     2     5
   335    11     1     2
   336   134     1     7
   337     0     0     0
   338   139     1     7
   339    16     1     6
   340   132     1     7
   341     0     0     0
   342   125     1     2
   343     0     0     0
   344   113     1     1
   345    12     1     2
   346   213     2     4
   347   140     1     3
   348    18     1     4
   349   228     2     7
   350   221     2     3
   351    29     2     1
   352   225     2     3
   353    28     2     1
   354     0     0     0
   355   128     1     6
   356   120     1     2
   357    17     1     4
   358   111     1     5
   359   222     2     3
   360   121     1     5
   361    21     2     5
   362   212     2     6
   363    22     2     7
   364    14     1     4
   365   220     2     3
   366     0     0     0
   367   127     1     4
   368     0     0     0
   369   122     1     5
   370   135     1     7
   371     0     0     0
   372     0     0     0
   373   138     1     7
   374   223     2     3
   375    27     2     1
   376    11     1     6
   377   133     1     7
   378     0     0     0
   379     0     0     0
   380   126     1     2
   381   216     2     2
   382   226     2     1
   383   123     1     5
   384     0     0     0
   385   115     1     5
   386   112     1     5
   387    18     1     4
   388   116     1     4
   389   117     1     5
   390    19     1     4
   391   113     1     1
   392    15     1     4
   393    28     2     1
   394   110     1     4
   395   128     1     2
   396   124     1     6
   397     0     0     0
   398   118     1     5
   399   121     1     6
   400   136     1     3
   401    13     1     5
   402   220     2     3
   403   211     2     6
   404    29     2     1
   405   221     2     3
   406    16     1     2
   407   218     2     2
   408   214     2     5
   409   111     1     5
   410   215     2     2
   411    23     2     7
   412   213     2     4
   413   126     1     2
   414    12     1     2
   415   116     1     6
   416    14     1     4
   417   115     1     5
   418    11     1     4
   419   217     2     4
   420     0     0     0
   421    21     2     5
   422   216     2     6
   423   123     1     2
   424   124     1     6
   425   119     1     5
   426    27     2     1
   427     0     0     0
   428   128     1     5
   429   122     1     2
   430   118     1     5
   431   121     1     5
   432   222     2     3
   433   218     2     2
   434   220     2     3
   435   210     2     6
   436     0     0     0
   437    16     1     2
   438   211     2     6
   439    13     1     2
   440    12     1     6
   441   121     1     2
   442   213     2     4
   443   114     1     5
   444     0     0     0
   445   223     2     3
   446   210     2     5
   447   128     1     6
   448   211     2     4
   449   141     1     7
   450    21     2     5
   451     0     0     0
   452    25     2     1
   453   139     1     7
   454   227     2     7
   455   111     1     5
   456   226     2     7
   457   131     1     1
   458   137     1     1
   459    27     2     1
   460    23     2     7
   461   136     1     7
   462     0     0     0
   463    24     2     3
   464   228     2     7
   465   113     1     1
   466   133     1     7
   467   222     2     3
   468   135     1     7
   469     0     0     0
   470     0     0     0
   471    22     2     1
   472    29     2     1
   473   120     1     6
   474    27     2     1
   475   112     1     5
   476   122     1     5
   477   118     1     6
   478   127     1     5
   479   115     1     5
   480   119     1     6
   481   221     2     3
   482   126     1     5
   483    25     2     1
   484    14     1     4
   485     0     0     0
   486   114     1     4
   487   225     2     3
   488    12     1     4
   489   215     2     5
   490    18     1     5
   491   212     2     6
   492     0     0     0
   493   123     1     4
   494   213     2     4
   495    28     2     1
   496   218     2     4
   497   110     1     5
   498    15     1     4
   499     0     0     0
   500   128     1     6
   501    11     1     4