    0.0620    0.0196    0.0207    1.5700    0.2110         0    0.0209
    0.0720    0.0196    0.0207    1.5750    0.2110         0    0.0208
    0.0890    0.0197    0.0206    1.3050    0.1220         0    0.0206
    0.0940    0.0197    0.0206    1.2500    0.1220         0    0.0208
    0.1020    0.0197    0.0206    1.2600    0.2110         0    0.0206
    0.1040    0.0197    0.0200    0.4350    0.1220         0    0.0202
    0.1060    0.0197    0.0201    0.4650    0.1120         0    0.0204
    0.1070    0.0198    0.0200    0.4100    0.1220         0    0.0203
    0.1080    0.0198    0.0200    0.4200    0.1220         0    0.0202
    0.1120    0.0198    0.0205    0.9950    0.2120         0    0.9990
    0.1170    0.0198    0.0204    0.8350    0.2110         0    0.0204
    0.1290    0.0198    0.0200    0.3300    0.1220         0    0.0202
    0.1310    0.0198    0.0200    0.3250    0.1220         0    0.0202
    0.1360    0.0198    0.0204    0.7900    0.2110         0    0.0204
    0.1420    0.0198    0.0205    0.9150    0.2120         0    0.9990
    0.1440    0.0198    0.0201    0.3850    0.2220         0    0.0203
    0.1450    0.0198    0.0206    1.1100    0.2110         0    0.0206
    0.1470    0.0198    0.0204    0.7700    0.2110         0    0.0204
    0.1480    0.0198    0.0204    0.8350    0.2120         0    0.0204
    0.1490    0.0199    0.0200    0.2750    0.2220         0    0.0202
    0.1500    0.0199    0.0203    0.6600    0.2110         0    0.9990
    0.1510    0.0199    0.0205    0.8600    0.1210         0    0.9990
    0.1550    0.0199    0.0204    0.7800    0.2110         0    0.0204
    0.1560    0.0199    0.0204    0.7050    0.2120         0    0.0204
    0.1590    0.0199    0.0206    0.9700    0.1220         0    0.0208
    0.1650    0.0199    0.0204    0.7400    0.2120         0    0.9990
    0.1680    0.0199    0.0204    0.7500    0.2110         0    0.0207
    0.1700    0.0199    0.0204    0.6600    0.2110         0    0.0204
    0.1710    0.0199    0.0204    0.6850    0.2110         0    0.0204
    0.1730    0.0199    0.0203    0.5650    0.2110         0    0.9990
    0.1740    0.0199    0.0204    0.7600    0.2110         0    0.0204
    0.1750    0.0199    0.0203    0.6100    0.2110         0    0.0204
    0.1770    0.0199    0.0204    0.6750    0.2120         0    0.9990
    0.1780    0.0199    0.0204    0.7350    0.2210         0    0.0204
    0.1790    0.0199    0.0203    0.5500    0.2110         0    0.9990
    0.1800    0.0199    0.0203    0.5550    0.2110         0    0.0203
    0.1810    0.0199    0.0204    0.6750    0.2110         0    0.0204
    0.1820    0.0199    0.0204    0.6150    0.2110         0    0.0204
    0.1830    0.0199    0.0204    0.6850    0.2120         0    0.9990
    0.1840    0.0199    0.0204    0.6650    0.2110         0    0.0204
    0.1850    0.0200    0.0204    0.6500    0.2210         0    0.9990
    0.1860    0.0200    0.0204    0.7050    0.2120         0    0.9990
    0.1870    0.0200    0.0204    0.6150    0.2110         0    0.0204
    0.1880    0.0200    0.0203    0.5200    0.2110         0    0.0204
    0.1890    0.0200    0.0204    0.6600    0.2120         0    0.9990
    0.1900    0.0200    0.0205    0.7100    0.2120         0    0.9990
    0.1910    0.0200    0.0204    0.6300    0.2110         0    0.0204
    0.1920    0.0200    0.0203    0.5400    0.2110         0    0.0204
    0.1930    0.0200    0.0204    0.6450    0.2110         0    0.0204
    0.1940    0.0200    0.0205    0.7500    0.2110         0    0.0206
    0.1950    0.0200    0.0204    0.6200    0.2110         0    0.0204
    0.1960    0.0200    0.0206    0.9150    0.2110         0    0.0206
    0.1970    0.0200    0.0204    0.6150    0.2110         0    0.9990
    0.2080    0.0192    0.0206    2.0450    0.1220         0    0.0207
    0.2530    0.0204    0.0206    0.2050    0.2120    0.0204    0.0206
    0.2540    0.0204    0.0206    0.1900    0.2110    0.0204    0.0206
    0.2550    0.0204    0.0205    0.1550    0.2120         0    0.9990
    0.2560    0.0204    0.0206    0.2200    0.2110    0.0204    0.0206
    0.2570    0.0204    0.0205    0.1050    0.2120         0    0.9990
    0.2580    0.0204    0.0205    0.1350    0.2120         0    0.9990
    0.2590    0.0204    0.0205    0.1050    0.2110    0.0204    0.0205
    0.2600    0.0204    0.0205    0.1600    0.2220    0.0204    0.0206
    0.2610    0.0204    0.0205    0.1600    0.2220    0.0204    0.0206
    0.2620    0.0204    0.0205    0.1050    0.2120         0    0.9990
    0.2630    0.0204    0.0205    0.1150    0.2120         0    0.9990
    0.2640    0.0204    0.0206    0.2000    0.2110    0.0204    0.0206
    0.2650    0.0204    0.0205    0.1500    0.2120    0.0204    0.0205
    0.2660    0.0204    0.0205    0.1550    0.2110    0.0204    0.0205
    0.2670    0.0204    0.0205    0.1250    0.2110    0.0204    0.0205
    0.2680    0.0204    0.0206    0.1550    0.2210    0.0203    0.0206
    0.2690    0.0204    0.0205    0.1250    0.2210    0.0204    0.0206
    0.2700    0.0205    0.0205    0.1200    0.2210         0    0.9990
    0.2710    0.0205    0.0206    0.1750    0.2120    0.0204    0.0206
    0.2720    0.0205    0.0208    0.4650    0.2110    0.0205    0.0208
    0.2730    0.0205    0.0205    0.0950    0.2110    0.0205    0.0206
    0.2740    0.0205    0.0206    0.1550    0.2220    0.0204    0.0206
    0.2750    0.0205    0.0208    0.4150    0.2220         0    0.9990
    0.2760    0.0205    0.0206    0.1100    0.2110    0.0205    0.0206
    0.2770    0.0205    0.0206    0.1150    0.2110    0.0205    0.0206
    0.2780    0.0205    0.0206    0.1350    0.2210    0.0205    0.0206
    0.2790    0.0205    0.0207    0.2350    0.2110    0.0205    0.0209
    0.2800    0.0205    0.0206    0.1350    0.1120    0.0205    0.0208
    0.2810    0.0205    0.0206    0.1100    0.2120    0.0205    0.0206
    0.2820    0.0205    0.0207    0.2500    0.2110    0.0205    0.0208
    0.2830    0.0205    0.0206    0.1150    0.2110    0.0205    0.0206
    0.2840    0.0206    0.0206    0.1050    0.2110    0.0206    0.0206
    0.2850    0.0206    0.0206    0.1100    0.2210    0.0205    0.0206
    0.2860    0.0206    0.0206    0.1100    0.2120    0.0205    0.0207
    0.2870    0.0206    0.0206    0.1100    0.2220    0.0205    0.0207
    0.2880    0.0206    0.0206    0.1150    0.2110    0.0205    0.0207
    0.2890    0.0206    0.0207    0.1100    0.2120    0.0205    0.0207
    0.2900    0.0206    0.0207    0.1450    0.2210         0    0.9990
    0.2910    0.0206    0.0208    0.2550    0.2110    0.0205    0.0208
    0.2920    0.0206    0.0207    0.1500    0.2220    0.0206    0.0207
    0.2930    0.0206    0.0207    0.1150    0.2110    0.0206    0.0207
    0.2940    0.0206    0.0207    0.1100    0.2110    0.0206    0.0207
    0.2950    0.0206    0.0207    0.1550    0.2210         0    0.9990
    0.2960    0.0206    0.0207    0.1200    0.2210         0    0.9990
    0.2970    0.0206    0.0208    0.2150    0.2110    0.0205    0.0208
    0.2980    0.0206    0.0207    0.1600    0.2110    0.0205    0.0208
    0.2990    0.0206    0.0207    0.1350    0.2110    0.0206    0.0209
    0.3000    0.0206    0.0207    0.1150    0.2110    0.0206    0.0209
    0.3010    0.0206    0.0207    0.1900    0.2120         0    0.9990
    0.3020    0.0206    0.0208    0.3250    0.2220         0    0.9990
    0.3030    0.0206    0.0207    0.1300    0.2220    0.0205    0.0207
    0.3040    0.0206    0.0207    0.1250    0.1220    0.0206    0.0207
    0.3050    0.0206    0.0207    0.1050    0.2110    0.0206    0.0209
    0.3060    0.0206    0.0207    0.1150    0.2110    0.0206    0.0207
    0.3070    0.0206    0.0207    0.1450    0.2110    0.0205    0.0207
    0.3080    0.0206    0.0209    0.3650    0.1220    0.0206    0.0209
    0.3090    0.0206    0.0207    0.0950    0.2110    0.0206    0.0209
    0.3100    0.0206    0.0207    0.1150    0.2110    0.0206    0.0208
    0.3110    0.0206    0.0207    0.1400    0.2210    0.0206    0.0208
    0.3120    0.0206    0.0207    0.0950    0.2110    0.0206    0.0207
    0.3130    0.0206    0.0207    0.1400    0.2120    0.0206    0.0208
    0.3140    0.0206    0.0207    0.1400    0.2220    0.0204    0.0208
    0.3150    0.0206    0.0207    0.1250    0.2110    0.0205    0.0207
    0.3160    0.0206    0.0209    0.3000    0.1220    0.0206    0.9990
    0.3170    0.0206    0.0207    0.1100    0.2210    0.0206    0.0208
    0.3180    0.0207    0.0208    0.2150    0.2220         0    0.9990
    0.3190    0.0207    0.0208    0.1350    0.2120    0.0206    0.0208
    0.3200    0.0207    0.0208    0.1400    0.2110    0.0205    0.0208
    0.3210    0.0207    0.0207    0.1100    0.2210         0    0.9990
    0.3220    0.0207    0.0208    0.2450    0.2210         0    0.9990
    0.3230    0.0207    0.0207    0.1150    0.2110    0.0206    0.0208
    0.3240    0.0207    0.0208    0.1400    0.2220    0.0206    0.0208
    0.3250    0.0207    0.0208    0.1400    0.2110    0.0207    0.0208
    0.3260    0.0207    0.0208    0.1550    0.2110    0.0207    0.0208
    0.3270    0.0207    0.0208    0.1750    0.2120         0    0.9990
    0.3280    0.0207    0.0214    0.9800    0.1220    0.0205    0.9990
    0.3290    0.0207    0.0208    0.1100    0.2210    0.0207    0.0208
    0.3300    0.0207    0.0208    0.1350    0.2120    0.0206    0.0208
    0.3310    0.0207    0.0209    0.2600    0.1210    0.0205    0.9990
    0.3320    0.0207    0.0208    0.1100    0.2120         0    0.9990
    0.3330    0.0207    0.0209    0.2500    0.1220    0.0206    0.0209
    0.3340    0.0207    0.0208    0.1000    0.2220    0.0207    0.0208
    0.3350    0.0207    0.0208    0.1100    0.2110    0.0207    0.0208
    0.3360    0.0207    0.0216    1.2900    0.1220    0.0204    0.9990
    0.3370    0.0207    0.0208    0.1200    0.2120         0    0.9990
    0.3380    0.0207    0.0210    0.4850    0.1220    0.0205    0.9990
    0.3390    0.0207    0.0208    0.0950    0.2110    0.0207    0.0208
    0.3400    0.0207    0.0216    1.2050    0.1220    0.0205    0.9990
    0.3410    0.0207    0.0208    0.1050    0.2120         0    0.9990
    0.3420    0.0207    0.0217    1.3950    0.2110    0.0204    0.9990
    0.3430    0.0207    0.0214    0.9900    0.2220         0    0.9990
    0.3440    0.0207    0.0208    0.1150    0.2220    0.0207    0.0209
    0.3450    0.0207    0.0209    0.2500    0.2110    0.0207    0.0209
    0.3460    0.0207    0.0209    0.2400    0.2110    0.0207    0.0209
    0.3470    0.0207    0.0209    0.2350    0.1220    0.0207    0.9990
    0.3480    0.0208    0.0208    0.1350    0.2110    0.0207    0.0208
    0.3490    0.0208    0.0210    0.4250    0.1220    0.0205    0.9990
    0.3500    0.0208    0.0208    0.1250    0.2120    0.0207    0.0209
    0.3510    0.0208    0.0209    0.1350    0.2210    0.0207    0.0209
    0.3520    0.0208    0.0209    0.1850    0.1120    0.0206    0.9990
    0.3530    0.0208    0.0208    0.1200    0.2210    0.0207    0.0209
    0.3540    0.0208    0.0209    0.2000    0.2210         0    0.9990
    0.3550    0.0208    0.0208    0.1100    0.2110    0.0208    0.0209
    0.3560    0.0208    0.0209    0.2200    0.2110    0.0207    0.9990
    0.3570    0.0208    0.0214    0.8350    0.2110    0.0205    0.9990
    0.3580    0.0208    0.0209    0.1100    0.2220    0.0208    0.0209
    0.3590    0.0208    0.0209    0.1100    0.2210    0.0208    0.0209
    0.3600    0.0208    0.0209    0.1200    0.2110    0.0208    0.0209
    0.3610    0.0208    0.0209    0.1150    0.2220    0.0208    0.0209
    0.3620    0.0208    0.0209    0.1150    0.2110    0.0208    0.0209
    0.3630    0.0208    0.0210    0.3600    0.1220    0.0206    0.9990
    0.3640    0.0208    0.0209    0.1800    0.2110    0.0208    0.0209
    0.3650    0.0208    0.0209    0.1100    0.2120    0.0207    0.0209
    0.3660    0.0208    0.0209    0.1700    0.2210         0    0.9990
    0.3670    0.0208    0.0209    0.1750    0.2110    0.0208    0.0209
    0.3680    0.0208    0.0209    0.1650    0.2210         0    0.9990
    0.3690    0.0208    0.0209    0.1750    0.2110    0.0207    0.0210
    0.3700    0.0208    0.0210    0.3300    0.1220    0.0206    0.9990
    0.3710    0.0208    0.0210    0.2750    0.2220    0.0207    0.9990
    0.3720    0.0208    0.0209    0.1650    0.2210         0    0.9990
    0.3730    0.0208    0.0210    0.3250    0.1220    0.0205    0.9990
    0.3740    0.0208    0.0209    0.1750    0.1210    0.0205    0.9990
    0.3750    0.0208    0.0209    0.1350    0.2210         0    0.9990
    0.3760    0.0208    0.0209    0.1300    0.2110    0.0208    0.0209
    0.3770    0.0208    0.0210    0.2750    0.1220    0.0206    0.9990
    0.3780    0.0208    0.0209    0.1250    0.2120         0    0.9990
    0.3790    0.0208    0.0209    0.1100    0.2210    0.0207    0.0209
    0.3800    0.0208    0.0209    0.1050    0.2110    0.0208    0.0209
    0.3810    0.0208    0.0209    0.1350    0.2110    0.0207    0.0209
    0.3820    0.0208    0.0209    0.1600    0.1220    0.0208    0.9990
    0.3830    0.0208    0.0209    0.1350    0.2110    0.0207    0.0209
    0.3840    0.0208    0.0214    0.8250    0.2120         0    0.9990
    0.3850    0.0208    0.0209    0.1000    0.2110    0.0208    0.0209
    0.3860    0.0208    0.0211    0.3850    0.2220    0.0208    0.9990
    0.3870    0.0208    0.0214    0.7700    0.2110    0.0205    0.9990
    0.3880    0.0208    0.0209    0.0950    0.2110    0.0208    0.0209
    0.3890    0.0208    0.0214    0.7700    0.2110    0.0205    0.9990
    0.3900    0.0208    0.0214    0.7700    0.2110    0.0205    0.9990
    0.3910    0.0209    0.0210    0.2750    0.2220         0    0.9990
    0.3920    0.0209    0.0213    0.6600    0.2110    0.0207    0.9990
    0.3930    0.0209    0.0214    0.7950    0.2210    0.0209    0.9990
    0.3940    0.0209    0.0214    0.7950    0.2110    0.0204    0.9990
    0.3950    0.0209    0.0210    0.1400    0.2110    0.0207    0.0210
    0.3960    0.0209    0.0209    0.0950    0.2110    0.0208    0.0209
    0.3970    0.0209    0.0214    0.7050    0.2120         0    0.9990
    0.3980    0.0209    0.0210    0.1150    0.2110    0.0209    0.0210
    0.3990    0.0209    0.0210    0.1250    0.2110    0.0209    0.0210
    0.4000    0.0209    0.0215    0.9650    0.1220    0.0209    0.9990
    0.4010    0.0209    0.0210    0.1200    0.2110    0.0207    0.0210
    0.4020    0.0209    0.0209    0.0950    0.2120    0.0209    0.0210
    0.4030    0.0209    0.0210    0.1300    0.2110    0.0207    0.0210
    0.4040    0.0209    0.0213    0.6100    0.2210         0    0.9990
    0.4050    0.0209    0.0214    0.7800    0.2120         0    0.9990
    0.4060    0.0209    0.0210    0.1050    0.2110    0.0207    0.9990
    0.4070    0.0209    0.0210    0.1150    0.2110    0.0207    0.0210
    0.4080    0.0209    0.0214    0.7400    0.2110    0.0205    0.9990
    0.4090    0.0209    0.0210    0.1050    0.2220    0.0209    0.9990
    0.4100    0.0209    0.0213    0.5950    0.2110    0.0207    0.9990
    0.4110    0.0209    0.0214    0.7550    0.1220    0.0209    0.9990
    0.4120    0.0209    0.0214    0.7300    0.2110    0.0209    0.9990
    0.4130    0.0209    0.0210    0.1050    0.2110    0.0209    0.0210
    0.4140    0.0209    0.0210    0.1100    0.2110    0.0209    0.0210
    0.4150    0.0209    0.0210    0.1050    0.2110    0.0209    0.0210
    0.4160    0.0209    0.0214    0.6450    0.2110    0.0209    0.9990
    0.4170    0.0209    0.0214    0.6750    0.2110    0.0209    0.9990
    0.4180    0.0209    0.0214    0.6750    0.2110    0.0209    0.9990
    0.4190    0.0209    0.0213    0.6100    0.2110    0.0209    0.9990
    0.4200    0.0209    0.0216    0.9200    0.2120    0.0209    0.0202
    0.4210    0.0209    0.0214    0.7150    0.2220    0.0209    0.9990
    0.4220    0.0209    0.0210    0.0950    0.2110    0.0209    0.9990
    0.4230    0.0209    0.0214    0.6600    0.2110    0.0209    0.9990
    0.4240    0.0209    0.0213    0.5900    0.2110    0.0209    0.9990
    0.4250    0.0209    0.0213    0.5500    0.2110    0.0209    0.9990
    0.4260    0.0209    0.0214    0.6650    0.2120    0.0209    0.9990
    0.4270    0.0210    0.0218    1.1550    0.2210    0.0208    0.9990
    0.4280    0.0210    0.0214    0.7100    0.2110    0.0209    0.9990
    0.4290    0.0210    0.0214    0.5750    0.2110    0.0210    0.9990
    0.4300    0.0210    0.0213    0.5200    0.2110    0.0210    0.9990
    0.4310    0.0210    0.0215    0.7200    0.2110    0.0210    0.9990
    0.4320    0.0210    0.0214    0.6100    0.2120    0.0208    0.9990
    0.4330    0.0210    0.0214    0.6300    0.2110    0.0210    0.9990
    0.4340    0.0210    0.0215    0.7000    0.2120         0    0.9990
    0.4350    0.0210    0.0214    0.6100    0.2110    0.0210    0.9990
    0.4360    0.0210    0.0215    0.7000    0.2120    0.0209    0.9990
    0.4370    0.0210    0.0214    0.6200    0.2110    0.0210    0.9990
    0.4380    0.0210    0.0214    0.6050    0.2110    0.0210    0.9990
    0.4390    0.0210    0.0214    0.6000    0.2110    0.0210    0.9990
    0.4400    0.0210    0.0214    0.6150    0.2110    0.0210    0.9990
    0.4410    0.0200    0.0207    0.9850    0.2110         0    0.0209
    0.4420    0.0200    0.0204    0.5400    0.2110         0    0.0204
    0.4430    0.0200    0.0204    0.5000    0.2110         0    0.0204
    0.4440    0.0200    0.0204    0.5550    0.2210         0    0.0204
    0.4450    0.0200    0.0205    0.7650    0.1120         0    0.0208
    0.4460    0.0200    0.0204    0.5300    0.2110         0    0.0204
    0.4470    0.0201    0.0203    0.3700    0.2110         0    0.0204
    0.4480    0.0201    0.0204    0.5050    0.2110         0    0.9990
    0.4490    0.0202    0.0204    0.2700    0.1220    0.0200    0.9990
    0.4500    0.0202    0.0204    0.3350    0.2220    0.0201    0.0206
    0.4510    0.0202    0.0205    0.3800    0.2210         0    0.9990
    0.4520    0.0202    0.0203    0.1650    0.1210         0    0.0204
    0.4530    0.0202    0.0206    0.5450    0.1220         0    0.0206
    0.4540    0.0202    0.0204    0.2800    0.1220    0.0200    0.0207
    0.4550    0.0202    0.0204    0.2900    0.2220         0    0.0204
    0.4560    0.0202    0.0205    0.4400    0.1220    0.0200    0.0208
    0.4570    0.0202    0.0215    1.8750    0.1220         0    0.9990
    0.4580    0.0202    0.0211    1.1950    0.1220         0    0.9990
    0.4590    0.0202    0.0203    0.1200    0.2210         0    0.0204
    0.4600    0.0202    0.0205    0.4250    0.1220         0    0.0207
    0.4610    0.0202    0.0205    0.3900    0.1220    0.0200    0.0207
    0.4620    0.0203    0.0205    0.3100    0.2210         0    0.9990
    0.4630    0.0203    0.0206    0.5350    0.1220         0    0.0206
    0.4640    0.0203    0.0205    0.3850    0.1220    0.0200    0.0207
    0.4650    0.0203    0.0204    0.2150    0.2220         0    0.9990
    0.4660    0.0203    0.0206    0.4100    0.1220         0    0.0208
    0.4670    0.0203    0.0204    0.1350    0.2210         0    0.9990
    0.4680    0.0203    0.0205    0.3700    0.1220         0    0.0208
    0.4690    0.0203    0.0205    0.3300    0.2210         0    0.9990
    0.4700    0.0203    0.0204    0.1200    0.2220         0    0.0204
    0.4710    0.0203    0.0208    0.6450    0.1220         0    0.0208
    0.4720    0.0203    0.0204    0.1900    0.2210         0    0.0204
    0.4730    0.0203    0.0204    0.1400    0.2110    0.0203    0.0204
    0.4740    0.0204    0.0204    0.1100    0.2120    0.0203    0.0204
    0.4750    0.0204    0.0205    0.1500    0.2220    0.0200    0.0205
    0.4760    0.0204    0.0204    0.0950    0.2110    0.0204    0.0204
    0.4770    0.0204    0.0204    0.1150    0.2110    0.0203    0.0204
    0.4780    0.0204    0.0204    0.1100    0.2110    0.0204    0.0204
    0.4790    0.0204    0.0205    0.1400    0.2110    0.0204    0.0205
    0.4800    0.0204    0.0209    0.8150    0.2110    0.0203    0.0209
    0.4810    0.0204    0.0204    0.1100    0.2120    0.0204    0.0205
    0.4820    0.0204    0.0205    0.1150    0.2110    0.0204    0.0209
    0.4830    0.0204    0.0205    0.1300    0.1210    0.0203    0.0207
    0.4840    0.0204    0.0204    0.0950    0.2110    0.0204    0.0209
    0.4850    0.0204    0.0205    0.1250    0.2120         0    0.9990
    0.4860    0.0204    0.0205    0.1200    0.2110    0.0204    0.0205
    0.4870    0.0204    0.0205    0.1750    0.1120    0.0201    0.0205
    0.4880    0.0204    0.0205    0.1200    0.2110    0.0204    0.0208
    0.4890    0.0204    0.0205    0.1350    0.2110    0.0204    0.0207
    0.4900    0.0204    0.0205    0.1150    0.2110    0.0204    0.0208
    0.4910    0.0204    0.0205    0.1450    0.2110    0.0203    0.0205
    0.4920    0.0204    0.0206    0.3200    0.2120         0    0.9990
    0.4930    0.0204    0.0205    0.1300    0.2110    0.0204    0.0206
    0.4940    0.0204    0.0205    0.1100    0.2110    0.0204    0.0208
    0.4950    0.0204    0.0205    0.1450    0.2210    0.0204    0.0205
    0.4960    0.0204    0.0205    0.1200    0.2110    0.0204    0.0206
    0.4970    0.0204    0.0205    0.1250    0.2110    0.0204    0.0206
    0.4980    0.0204    0.0205    0.1200    0.2110    0.0204    0.0206
    0.4990    0.0204    0.0206    0.2350    0.2210         0    0.9990
    0.5000    0.0204    0.0205    0.1400    0.2110    0.0203    0.0205
    0.5010    0.0204    0.0205    0.1100    0.2110    0.0204    0.0208